{"name": "experiment001", "num_designers": 4, "error_tol": 0.05, "training": [{"name": "Training Task 1/5 (Individual)", "assignments": [[0], [1], [2], [3]], "tasks": [{"designers": [0], "num_inputs": [1], "num_outputs": [1], "coupling": [[1.0]], "target": [1.0], "inputs": [0], "outputs": [0], "time_start": null, "time_complete": null, "actions": null, "score": null}, {"designers": [1], "num_inputs": [1], "num_outputs": [1], "coupling": [[1.0]], "target": [1.0], "inputs": [1], "outputs": [1], "time_start": null, "time_complete": null, "actions": null, "score": null}, {"designers": [2], "num_inputs": [1], "num_outputs": [1], "coupling": [[1.0]], "target": [1.0], "inputs": [2], "outputs": [2], "time_start": null, "time_complete": null, "actions": null, "score": null}, {"designers": [3], "num_inputs": [1], "num_outputs": [1], "coupling": [[1.0]], "target": [1.0], "inputs": [3], "outputs": [3], "time_start": null, "time_complete": null, "actions": null, "score": null}], "max_time": 90000}, {"name": "Training Task 2/5 (Individual)", "assignments": [[0], [1], [2], [3]], "tasks": [{"designers": [0], "num_inputs": [2], "num_outputs": [2], "coupling": [[-0.7372998124605716, -0.6755656789281158], [-0.6755656789281158, 0.7372998124605716]], "target": [0.15787534856188845, 0.9874590494377284], "inputs": [0, 0], "outputs": [0, 0], "time_start": null, "time_complete": null, "actions": null, "score": null}, {"designers": [1], "num_inputs": [2], "num_outputs": [2], "coupling": [[0.10676637342621226, 0.9942841351974869], [0.9942841351974868, -0.10676637342621224]], "target": [0.6008950353103568, 0.7993279405471605], "inputs": [1, 1], "outputs": [1, 1], "time_start": null, "time_complete": null, "actions": null, "score": null}, {"designers": [2], "num_inputs": [2], "num_outputs": [2], "coupling": [[-0.8181306562432212, -0.575032372406142], [-0.575032372406142, 0.8181306562432213]], "target": [-0.9389121032831178, 0.3441570314674275], "inputs": [2, 2], "outputs": [2, 2], "time_start": null, "time_complete": null, "actions": null, "score": null}, {"designers": [3], "num_inputs": [2], "num_outputs": [2], "coupling": [[-0.8511351119346999, -0.5249466841803139], [-0.5249466841803141, 0.8511351119346997]], "target": [-0.9713960556663772, 0.23746516173073592], "inputs": [3, 3], "outputs": [3, 3], "time_start": null, "time_complete": null, "actions": null, "score": null}], "max_time": 120000}, {"name": "Training Task 3/5 (Pair)", "assignments": [[0, 1], [2, 3]], "tasks": [{"designers": [0, 1], "num_inputs": [1, 1], "num_outputs": [1, 1], "coupling": [[-1, 0], [0, -1]], "target": [0.25481567049711695, 0.9669896452750179], "inputs": [0, 1], "outputs": [0, 1], "time_start": null, "time_complete": null, "actions": null, "score": null}, {"designers": [2, 3], "num_inputs": [1, 1], "num_outputs": [1, 1], "coupling": [[1, 0], [0, -1]], "target": [-0.912536405835364, -0.4089954865583188], "inputs": [2, 3], "outputs": [2, 3], "time_start": null, "time_complete": null, "actions": null, "score": null}], "max_time": 270000}, {"name": "Training Task 4/5 (Pair)", "assignments": [[0, 1], [2, 3]], "tasks": [{"designers": [0, 1], "num_inputs": [1, 1], "num_outputs": [1, 1], "coupling": [[-0.5607773617637709, -0.827966636123259], [-0.827966636123259, 0.5607773617637709]], "target": [-0.8044537503931688, -0.5940152889264426], "inputs": [0, 1], "outputs": [0, 1], "time_start": null, "time_complete": null, "actions": null, "score": null}, {"designers": [2, 3], "num_inputs": [1, 1], "num_outputs": [1, 1], "coupling": [[-0.5655881717601545, -0.8246878318279021], [-0.8246878318279022, 0.5655881717601545]], "target": [0.5273105890110064, -0.8496726091365225], "inputs": [2, 3], "outputs": [2, 3], "time_start": null, "time_complete": null, "actions": null, "score": null}], "max_time": 270000}, {"name": "Training Task 5/5 (Pair)", "assignments": [[0, 1], [2, 3]], "tasks": [{"designers": [0, 1], "num_inputs": [2, 1], "num_outputs": [2, 1], "coupling": [[-0.3831001481399414, 0.28831105208472735, 0.8775596924089851], [-0.4935340567869998, 0.7391783116283007, -0.45830072922667386], [-0.7808062572024649, -0.6086806723267402, -0.14088799753473027]], "target": [-0.607620139524339, 0.5096619063516675, -0.609132585943657], "inputs": [0, 0, 1], "outputs": [0, 0, 1], "time_start": null, "time_complete": null, "actions": null, "score": null}, {"designers": [2, 3], "num_inputs": [2, 1], "num_outputs": [2, 1], "coupling": [[-0.850291914849565, 0.4377788058548697, -0.292153002185061], [-0.46510155296114264, -0.8848213422511064, 0.027780167927568118], [-0.24634164279429757, 0.15950206720050636, 0.9559680358590301]], "target": [-0.905966617260888, 0.40007413848018253, 0.1384383333047731], "inputs": [2, 2, 3], "outputs": [2, 2, 3], "time_start": null, "time_complete": null, "actions": null, "score": null}], "max_time": 540000}], "rounds": [{"name": "Better Behavior (Pair)", "assignments": [[0, 1], [2, 3]], "tasks": [{"designers": [0, 1], "num_inputs": [2, 1], "num_outputs": [2, 1], "coupling": [[-0.570791643639913, -0.7473294805132378, 0.3401404814288668], [-0.4955086965256619, 0.643829967480528, 0.5830558332110757], [-0.6547274480410048, 0.16426083078396003, -0.7378010221271565]], "target": [0.7448776167134581, 0.4690601544877634, -0.47448910165692376], "inputs": [0, 0, 1], "outputs": [0, 0, 1], "time_start": null, "time_complete": null, "actions": null, "score": null}, {"designers": [2, 3], "num_inputs": [2, 1], "num_outputs": [2, 1], "coupling": [[-0.26056636319593085, -0.16717997029056897, -0.9508711941711615], [-0.6968438636176353, -0.6491034005984331, 0.30507934225377725], [-0.6682168810418464, 0.7421021714462205, 0.05263617601528379]], "target": [-0.5163543121018248, 0.46727981470077756, -0.7176543730425241], "inputs": [2, 2, 3], "outputs": [2, 2, 3], "time_start": null, "time_complete": null, "actions": null, "score": null}], "max_time": 360000}, {"name": "Thinkable Ink (Pair)", "assignments": [[0, 1], [2, 3]], "tasks": [{"designers": [0, 1], "num_inputs": [1, 1], "num_outputs": [1, 1], "coupling": [[-0.7013897436211818, -0.7127779651076575], [-0.7127779651076575, 0.7013897436211817]], "target": [0.8541384337691069, -0.520045705643703], "inputs": [0, 1], "outputs": [0, 1], "time_start": null, "time_complete": null, "actions": null, "score": null}, {"designers": [2, 3], "num_inputs": [1, 1], "num_outputs": [1, 1], "coupling": [[-0.885943462994159, -0.4637932517597867], [-0.4637932517597866, 0.885943462994159]], "target": [-0.8925743946467071, 0.450900155268397], "inputs": [2, 3], "outputs": [2, 3], "time_start": null, "time_complete": null, "actions": null, "score": null}], "max_time": 180000}, {"name": "Staking System (Pair)", "assignments": [[0, 1], [2, 3]], "tasks": [{"designers": [0, 1], "num_inputs": [1, 1], "num_outputs": [1, 1], "coupling": [[-0.5758449163187355, -0.817558947324209], [-0.8175589473242089, 0.5758449163187355]], "target": [0.9166664518578718, 0.3996531196403949], "inputs": [0, 1], "outputs": [0, 1], "time_start": null, "time_complete": null, "actions": null, "score": null}, {"designers": [2, 3], "num_inputs": [1, 1], "num_outputs": [1, 1], "coupling": [[-0.657517147436948, -0.7534395800768493], [-0.7534395800768491, 0.657517147436948]], "target": [-0.9541148644475617, -0.29944085466116876], "inputs": [2, 3], "outputs": [2, 3], "time_start": null, "time_complete": null, "actions": null, "score": null}], "max_time": 180000}, {"name": "Economic Motion (Individual)", "assignments": [[0], [1], [2], [3]], "tasks": [{"designers": [0], "num_inputs": [2], "num_outputs": [2], "coupling": [[-0.7959306313133407, -0.6053878344806304], [-0.6053878344806304, 0.7959306313133405]], "target": [-0.26207318331089646, 0.9650480022202488], "inputs": [0, 0], "outputs": [0, 0], "time_start": null, "time_complete": null, "actions": null, "score": null}, {"designers": [1], "num_inputs": [2], "num_outputs": [2], "coupling": [[-0.7254600785332438, -0.6882642475492528], [-0.6882642475492528, 0.7254600785332442]], "target": [0.002903801500920178, 0.999995783959534], "inputs": [1, 1], "outputs": [1, 1], "time_start": null, "time_complete": null, "actions": null, "score": null}, {"designers": [2], "num_inputs": [2], "num_outputs": [2], "coupling": [[-0.7978234592912062, -0.6028911409239758], [-0.6028911409239758, 0.7978234592912063]], "target": [-0.778119333344881, 0.6281164725390651], "inputs": [2, 2], "outputs": [2, 2], "time_start": null, "time_complete": null, "actions": null, "score": null}, {"designers": [3], "num_inputs": [2], "num_outputs": [2], "coupling": [[-0.8762084892314976, -0.4819322394265158], [-0.481932239426516, 0.8762084892314975]], "target": [-0.9447838353443516, 0.3276942240443325], "inputs": [3, 3], "outputs": [3, 3], "time_start": null, "time_complete": null, "actions": null, "score": null}], "max_time": 120000}, {"name": "Towering Test (Pair)", "assignments": [[0, 1], [2, 3]], "tasks": [{"designers": [0, 1], "num_inputs": [1, 1], "num_outputs": [1, 1], "coupling": [[-0.8410382499987583, -0.5409756575290852], [-0.540975657529085, 0.8410382499987584]], "target": [0.7278166609618069, -0.6857717608843386], "inputs": [0, 1], "outputs": [0, 1], "time_start": null, "time_complete": null, "actions": null, "score": null}, {"designers": [2, 3], "num_inputs": [1, 1], "num_outputs": [1, 1], "coupling": [[-0.8385865714620384, -0.5447683564264201], [-0.54476835642642, 0.8385865714620386]], "target": [-0.5654156173084184, -0.8248061467422149], "inputs": [2, 3], "outputs": [2, 3], "time_start": null, "time_complete": null, "actions": null, "score": null}], "max_time": 180000}, {"name": "Hallowed Sign (Pair)", "assignments": [[1, 0], [3, 2]], "tasks": [{"designers": [1, 0], "num_inputs": [2, 1], "num_outputs": [2, 1], "coupling": [[-0.8321230640406058, 0.22332227090378962, -0.5076400000098972], [-0.4611744372711103, -0.787052849023177, 0.40971447527781557], [-0.3080411412447187, 0.5750434558908358, 0.7579153509052156]], "target": [0.15885326578523395, 0.9411879184620308, 0.29821291402364725], "inputs": [1, 1, 0], "outputs": [1, 1, 0], "time_start": null, "time_complete": null, "actions": null, "score": null}, {"designers": [3, 2], "num_inputs": [2, 1], "num_outputs": [2, 1], "coupling": [[-0.460919743589429, 0.1458315600766426, -0.8753777162202995], [-0.5444127486925949, -0.8254526767639438, 0.149139657650853], [-0.7008336100890341, 0.5453082013951862, 0.45985999658669935]], "target": [-0.6100666951606439, 0.7877324727269924, 0.08541767303777521], "inputs": [3, 3, 2], "outputs": [3, 3, 2], "time_start": null, "time_complete": null, "actions": null, "score": null}], "max_time": 360000}, {"name": "Absorbed Copper (Pair)", "assignments": [[1, 0], [3, 2]], "tasks": [{"designers": [1, 0], "num_inputs": [2, 1], "num_outputs": [2, 1], "coupling": [[-0.5660699269568406, -0.5145437965999726, 0.6440570775758643], [-0.6214103515747901, 0.779716234758332, 0.07675785438628055], [-0.5416770373116925, -0.3567734219848441, -0.7611167536025282]], "target": [-0.527635646821454, 0.46069099422282117, 0.713697717556456], "inputs": [1, 1, 0], "outputs": [1, 1, 0], "time_start": null, "time_complete": null, "actions": null, "score": null}, {"designers": [3, 2], "num_inputs": [2, 1], "num_outputs": [2, 1], "coupling": [[-0.5087166679435582, 0.7192815814526327, -0.4731187571206659], [-0.5397976888592242, -0.6945882739220443, -0.47556869622824816], [-0.6706905447810071, 0.013458689126187454, 0.7416151676094287]], "target": [0.47051594391726215, -0.6291218151693966, 0.6187248889430674], "inputs": [3, 3, 2], "outputs": [3, 3, 2], "time_start": null, "time_complete": null, "actions": null, "score": null}], "max_time": 360000}, {"name": "Unwritten Experience (Individual)", "assignments": [[0], [1], [2], [3]], "tasks": [{"designers": [0], "num_inputs": [3], "num_outputs": [3], "coupling": [[-0.5483530659553327, -0.7093958467263892, -0.4427939110971794], [-0.6279431661322235, -0.00038600675093104677, 0.7782591028100008], [-0.5522646966493749, 0.7048101756119433, -0.4452486060490655]], "target": [-0.9047570681134269, 0.4146039789598021, -0.09756120299327893], "inputs": [0, 0, 0], "outputs": [0, 0, 0], "time_start": null, "time_complete": null, "actions": null, "score": null}, {"designers": [1], "num_inputs": [3], "num_outputs": [3], "coupling": [[-0.7685615333303437, 0.6115411168583402, -0.18796444311774624], [-0.4310542327949552, -0.7120739456314896, -0.5542047855642847], [-0.4727635961814991, -0.34491761095144996, 0.8108800304490674]], "target": [0.642288742977998, 0.3067012533884956, -0.7024240256523614], "inputs": [1, 1, 1], "outputs": [1, 1, 1], "time_start": null, "time_complete": null, "actions": null, "score": null}, {"designers": [2], "num_inputs": [3], "num_outputs": [3], "coupling": [[-0.4869586793154771, -0.2160081728985882, -0.8462929243945857], [-0.639480693294325, -0.571807735693455, 0.5139069529641864], [-0.5949249427811343, 0.7914394371284129, 0.14031368363322858]], "target": [0.4968744292931473, -0.30936592524734063, -0.8108073296477198], "inputs": [2, 2, 2], "outputs": [2, 2, 2], "time_start": null, "time_complete": null, "actions": null, "score": null}, {"designers": [3], "num_inputs": [3], "num_outputs": [3], "coupling": [[-0.3245188338100359, -0.6311325013056409, -0.7045277086802618], [-0.6573343104681677, -0.3851070411753116, 0.6477686092413985], [-0.6801464039336774, 0.6733233492408256, -0.2898905596655476]], "target": [-0.39860803158216007, -0.8073106316926317, 0.43515650186368504], "inputs": [3, 3, 3], "outputs": [3, 3, 3], "time_start": null, "time_complete": null, "actions": null, "score": null}], "max_time": 240000}, {"name": "Flat Sleep (Individual)", "assignments": [[0], [1], [2], [3]], "tasks": [{"designers": [0], "num_inputs": [2], "num_outputs": [2], "coupling": [[0.7090981647414846, 0.7051097735532091], [0.7051097735532093, -0.7090981647414847]], "target": [0.921116759914159, -0.38928641718565266], "inputs": [0, 0], "outputs": [0, 0], "time_start": null, "time_complete": null, "actions": null, "score": null}, {"designers": [1], "num_inputs": [2], "num_outputs": [2], "coupling": [[-0.6600085325830555, -0.751258102730055], [-0.751258102730055, 0.6600085325830554]], "target": [-0.9646782973797168, 0.26343079274179465], "inputs": [1, 1], "outputs": [1, 1], "time_start": null, "time_complete": null, "actions": null, "score": null}, {"designers": [2], "num_inputs": [2], "num_outputs": [2], "coupling": [[0.7742366454176765, 0.6328962133654954], [0.6328962133654955, -0.7742366454176767]], "target": [0.8785787032087704, -0.47759759449561245], "inputs": [2, 2], "outputs": [2, 2], "time_start": null, "time_complete": null, "actions": null, "score": null}, {"designers": [3], "num_inputs": [2], "num_outputs": [2], "coupling": [[-0.81049428494476, -0.5857465442253008], [-0.5857465442253009, 0.81049428494476]], "target": [0.9932495211672174, -0.11599736506099324], "inputs": [3, 3], "outputs": [3, 3], "time_start": null, "time_complete": null, "actions": null, "score": null}], "max_time": 120000}, {"name": "Noiseless Stone (Individual)", "assignments": [[0], [1], [2], [3]], "tasks": [{"designers": [0], "num_inputs": [3], "num_outputs": [3], "coupling": [[-0.44174416510762365, 0.19780807355412333, 0.8750623169981526], [-0.7882185834217923, 0.38025111677881573, -0.4838600551161531], [-0.4284548486619238, -0.9034827359862886, -0.012057712586474397]], "target": [0.7990479462512292, 0.3308632566150598, -0.5020476919713603], "inputs": [0, 0, 0], "outputs": [0, 0, 0], "time_start": null, "time_complete": null, "actions": null, "score": null}, {"designers": [1], "num_inputs": [3], "num_outputs": [3], "coupling": [[-0.8557351147889242, 0.49239171475911325, 0.15895852463383783], [-0.3579648602366467, -0.34156802859055946, -0.8690180899616051], [-0.3736021575860405, -0.800550861020921, 0.468550687509598]], "target": [0.6888847490212615, -0.7241237104089376, 0.03290371695579021], "inputs": [1, 1, 1], "outputs": [1, 1, 1], "time_start": null, "time_complete": null, "actions": null, "score": null}, {"designers": [2], "num_inputs": [3], "num_outputs": [3], "coupling": [[-0.5186607995483145, -0.8008086948059533, 0.29949358813685517], [-0.33409925410262226, 0.5122756445045704, 0.7911708743725963], [-0.7869997861625971, 0.3102887338763888, -0.5332468829814323]], "target": [-0.9727463550092972, 0.12187414588643053, 0.19725927451093167], "inputs": [2, 2, 2], "outputs": [2, 2, 2], "time_start": null, "time_complete": null, "actions": null, "score": null}, {"designers": [3], "num_inputs": [3], "num_outputs": [3], "coupling": [[-0.6531492718687872, 0.2329514761690463, -0.7205065151738296], [-0.3319713605022272, -0.9432808083814468, -0.004041329675369029], [-0.6805814017908319, 0.23654793655812542, 0.6934363916369831]], "target": [0.7588371758811188, 0.5983436338501334, -0.25719843765424727], "inputs": [3, 3, 3], "outputs": [3, 3, 3], "time_start": null, "time_complete": null, "actions": null, "score": null}], "max_time": 240000}]}