{"name": "experiment003", "num_designers": 4, "error_tol": 0.05, "training": [{"name": "Training Task 1/5 (Individual)", "assignments": [[0], [1], [2], [3]], "tasks": [{"designers": [0], "num_inputs": [1], "num_outputs": [1], "coupling": [[1.0]], "target": [1.0], "inputs": [0], "outputs": [0], "time_start": null, "time_complete": null, "actions": null}, {"designers": [1], "num_inputs": [1], "num_outputs": [1], "coupling": [[1.0]], "target": [1.0], "inputs": [1], "outputs": [1], "time_start": null, "time_complete": null, "actions": null}, {"designers": [2], "num_inputs": [1], "num_outputs": [1], "coupling": [[1.0]], "target": [1.0], "inputs": [2], "outputs": [2], "time_start": null, "time_complete": null, "actions": null}, {"designers": [3], "num_inputs": [1], "num_outputs": [1], "coupling": [[1.0]], "target": [1.0], "inputs": [3], "outputs": [3], "time_start": null, "time_complete": null, "actions": null}]}, {"name": "Training Task 2/5 (Individual)", "assignments": [[0], [1], [2], [3]], "tasks": [{"designers": [0], "num_inputs": [2], "num_outputs": [2], "coupling": [[-0.32541664372752016, -0.9455707313496522], [-0.9455707313496522, 0.3254166437275203]], "target": [0.6449732048408852, 0.7642051851677517], "inputs": [0, 0], "outputs": [0, 0], "time_start": null, "time_complete": null, "actions": null}, {"designers": [1], "num_inputs": [2], "num_outputs": [2], "coupling": [[-0.6441733535988695, -0.7648795267969898], [-0.76487952679699, 0.6441733535988691]], "target": [-0.19703351269713165, 0.9803967538064521], "inputs": [1, 1], "outputs": [1, 1], "time_start": null, "time_complete": null, "actions": null}, {"designers": [2], "num_inputs": [2], "num_outputs": [2], "coupling": [[-0.7740614875865139, -0.6331104275206291], [-0.6331104275206292, 0.7740614875865135]], "target": [0.3704286467638196, -0.9288609248196017], "inputs": [2, 2], "outputs": [2, 2], "time_start": null, "time_complete": null, "actions": null}, {"designers": [3], "num_inputs": [2], "num_outputs": [2], "coupling": [[-0.8696105905787653, -0.4937382107486219], [-0.4937382107486219, 0.8696105905787653]], "target": [-0.6595449876775672, 0.7516650911339421], "inputs": [3, 3], "outputs": [3, 3], "time_start": null, "time_complete": null, "actions": null}]}, {"name": "Training Task 3/5 (Pair)", "assignments": [[0, 1], [2, 3]], "tasks": [{"designers": [0, 1], "num_inputs": [1, 1], "num_outputs": [1, 1], "coupling": [[-0.8771719619295343, -0.4801763730179689], [-0.480176373017969, 0.8771719619295345]], "target": [-0.4773939773526603, -0.8786893594367735], "inputs": [0, 1], "outputs": [0, 1], "time_start": null, "time_complete": null, "actions": null}, {"designers": [2, 3], "num_inputs": [1, 1], "num_outputs": [1, 1], "coupling": [[-0.9147118134665885, -0.4041067907183263], [-0.40410679071832634, 0.9147118134665884]], "target": [0.8236189939849268, -0.567143502781489], "inputs": [2, 3], "outputs": [2, 3], "time_start": null, "time_complete": null, "actions": null}]}, {"name": "Training Task 4/5 (Pair)", "assignments": [[0, 1], [2, 3]], "tasks": [{"designers": [0, 1], "num_inputs": [2, 1], "num_outputs": [2, 1], "coupling": [[-0.3454297414583858, 0.449899629555432, 0.8235706509109451], [-0.735039670404901, 0.41589235513495615, -0.5354906459233006], [-0.5834337808586737, -0.7903314951754006, 0.18703248671492462]], "target": [-0.4341584171096713, 0.37547599508763274, -0.818855448761121], "inputs": [0, 0, 1], "outputs": [0, 0, 1], "time_start": null, "time_complete": null, "actions": null}, {"designers": [2, 3], "num_inputs": [2, 1], "num_outputs": [2, 1], "coupling": [[-0.5663750700470315, 0.15912520485736453, -0.808639876093383], [-0.6893491686195876, -0.629216082911097, 0.3590053547365256], [-0.45168241470385284, 0.7607669092337791, 0.4660651307083372]], "target": [-0.419487528331403, -0.6418634442551585, 0.6419046132435217], "inputs": [2, 2, 3], "outputs": [2, 2, 3], "time_start": null, "time_complete": null, "actions": null}]}, {"name": "Training Task 5/5 (Pair)", "assignments": [[1, 0], [3, 2]], "tasks": [{"designers": [1, 0], "num_inputs": [2, 1], "num_outputs": [2, 1], "coupling": [[-0.7354245372674281, 0.6729254304294012, -0.07951172911208541], [-0.5591801183963778, -0.6689751037543588, -0.48968347506022414], [-0.3827118304615121, -0.31566386495487486, 0.8682672279814256]], "target": [-0.37269040075376036, -0.9278985596560096, 0.010301852954904916], "inputs": [1, 1, 0], "outputs": [1, 1, 0], "time_start": null, "time_complete": null, "actions": null}, {"designers": [3, 2], "num_inputs": [2, 1], "num_outputs": [2, 1], "coupling": [[-0.666166205074703, 0.36915317651496055, -0.648034350544231], [-0.7322880802045892, -0.48842853312547474, 0.4745437130751755], [-0.1413391481743334, 0.7906728149480112, 0.5957010532939674]], "target": [0.6284000646567076, 0.46226546760020976, -0.6256388704386942], "inputs": [3, 3, 2], "outputs": [3, 3, 2], "time_start": null, "time_complete": null, "actions": null}]}], "rounds": [{"name": "Absorbed Copper (Pair)", "assignments": [[1, 0], [3, 2]], "tasks": [{"designers": [1, 0], "num_inputs": [2, 1], "num_outputs": [2, 1], "coupling": [[-0.3791516779488046, 0.8566328331209994, 0.3498916894235932], [-0.7525870192068027, -0.06547160639465857, -0.6552299194004519], [-0.5383834912309495, -0.5117554669714756, 0.6695144198557499]], "target": [0.5548012711247843, -0.6208987532693282, -0.5537872224482226], "inputs": [1, 1, 0], "outputs": [1, 1, 0], "time_start": null, "time_complete": null, "actions": null}, {"designers": [3, 2], "num_inputs": [2, 1], "num_outputs": [2, 1], "coupling": [[-0.7758336457035059, -0.5206364677623176, -0.3563984043600427], [-0.5760995207072042, 0.3542212954464981, 0.736638728341875], [-0.25727708105336, 0.7768300601085042, -0.5747552185726377]], "target": [-0.3558278273690392, 0.6766177320729856, 0.644651069893038], "inputs": [3, 3, 2], "outputs": [3, 3, 2], "time_start": null, "time_complete": null, "actions": null}]}, {"name": "Impolite Heat (Individual)", "assignments": [[0], [1], [2], [3]], "tasks": [{"designers": [0], "num_inputs": [4], "num_outputs": [4], "coupling": [[-0.6197563312580046, 0.0813541249359837, 0.04344883654612303, 0.7793560128877606], [-0.5896238573161335, -0.44190169123417095, 0.5037987102301883, -0.4508364024104775], [-0.468887136764767, 0.7053651624215281, -0.31395695093470355, -0.4289940251080119], [-0.21997874835038414, -0.5482375299834285, -0.8035733265439879, -0.0729031539708458]], "target": [-0.18297245023062736, 0.6978703075491112, 0.11514933208409889, 0.6828167745585161], "inputs": [0, 0, 0, 0], "outputs": [0, 0, 0, 0], "time_start": null, "time_complete": null, "actions": null}, {"designers": [1], "num_inputs": [4], "num_outputs": [4], "coupling": [[-0.41139584327084233, 0.4334159954662153, -0.5293352640957433, -0.6022526157669982], [-0.4215131781414709, -0.6548886063464289, 0.36871877219657434, -0.5074386868977961], [-0.7419324191234257, -0.1296376898870367, -0.2305071633634059, 0.6161142771049619], [-0.32033792508257614, 0.6053639876243171, 0.7285033238446456, 0.014176155638218725]], "target": [0.4476970898268666, -0.6741273975051039, -0.5796072719942015, -0.09578610517705355], "inputs": [1, 1, 1, 1], "outputs": [1, 1, 1, 1], "time_start": null, "time_complete": null, "actions": null}, {"designers": [2], "num_inputs": [4], "num_outputs": [4], "coupling": [[-0.5571613928276553, 0.4814531363117915, 0.6713292165766386, -0.08420892380551837], [-0.42781120704400577, -0.4796257415237502, -0.10625639818699381, -0.7587135803711904], [-0.5202994000902503, 0.4321217725674784, -0.7264221167589006, 0.12194349602330314], [-0.48563081423610666, -0.5928176779385654, 0.10167383684332545, 0.6343440264473691]], "target": [-0.4326190055857504, -0.17603096099605176, -0.11450106951695342, -0.8767801331327465], "inputs": [2, 2, 2, 2], "outputs": [2, 2, 2, 2], "time_start": null, "time_complete": null, "actions": null}, {"designers": [3], "num_inputs": [4], "num_outputs": [4], "coupling": [[-0.2323761460740148, 0.9409364516634099, 0.19902471351491252, -0.14501408234087654], [-0.5567776302801726, -0.31515426978831373, 0.3363879771570511, -0.6910279194634452], [-0.5371602071791487, 0.04578597120869331, -0.842234434921044, 0.0019269916867041901], [-0.5894564521477711, -0.11497836755556641, 0.37131314125374587, 0.7081296612541346]], "target": [-0.7613934328244212, -0.5311105053784894, 0.010542656467550574, 0.3716053335503357], "inputs": [3, 3, 3, 3], "outputs": [3, 3, 3, 3], "time_start": null, "time_complete": null, "actions": null}]}, {"name": "Chemical Rhythm (Pair)", "assignments": [[0, 1], [2, 3]], "tasks": [{"designers": [0, 1], "num_inputs": [2, 2], "num_outputs": [2, 2], "coupling": [[-0.6123523434961575, -0.3016059874049954, 0.47879493024722475, -0.5520994933395394], [-0.412730373908095, 0.478135989099457, -0.6721503827987887, -0.3863333758362188], [-0.6028954360914669, 0.3525498915789175, 0.23180129483601025, 0.6771217222923233], [-0.3019856602697016, -0.7457401546363416, -0.5150120749898445, 0.2957006008940327]], "target": [0.5219947372045928, 0.846912741443243, -0.08698336714274672, -0.051905650485362304], "inputs": [0, 0, 1, 1], "outputs": [0, 0, 1, 1], "time_start": null, "time_complete": null, "actions": null}, {"designers": [2, 3], "num_inputs": [2, 2], "num_outputs": [2, 2], "coupling": [[-0.6320114541809804, 0.16979242178466458, 0.6514840807550486, 0.38379753492081004], [-0.4667443322480615, -0.48831995568868397, 0.10447737445714723, -0.7299163153520094], [-0.4969935415432034, 0.6529527725267334, -0.5369178177528131, -0.19588096766544993], [-0.3683865765234912, -0.5535041384039979, -0.5257111637856359, 0.5306149934539189]], "target": [-0.0922111025383825, -0.3006263760782356, 0.16693584235309533, 0.9344802400867478], "inputs": [2, 2, 3, 3], "outputs": [2, 2, 3, 3], "time_start": null, "time_complete": null, "actions": null}]}, {"name": "Chief Government (Pair)", "assignments": [[0, 1], [2, 3]], "tasks": [{"designers": [0, 1], "num_inputs": [2, 2], "num_outputs": [2, 2], "coupling": [[-0.599480235156823, -0.014777061243988658, 0.146301196692365, -0.7867661952344507], [-0.48535903712590467, -0.4771491644877917, -0.6883791761125193, 0.2507775703755547], [-0.36419514658125596, 0.8667940127181912, -0.26695356059273634, 0.21157937330802037], [-0.5219309800569348, -0.14414733020590592, 0.6583812468683262, 0.5228228505176735]], "target": [0.10625641435808197, -0.19244443096385358, -0.47721750879794317, -0.8508455586623507], "inputs": [0, 0, 1, 1], "outputs": [0, 0, 1, 1], "time_start": null, "time_complete": null, "actions": null}, {"designers": [2, 3], "num_inputs": [2, 2], "num_outputs": [2, 2], "coupling": [[-0.553521188606407, 0.06742492563405736, -0.10617161726782268, -0.8232835239780566], [-0.47231273300367804, -0.7827633228147628, -0.2830737946748133, 0.28995083974182684], [-0.3703150930056636, 0.5853525395491949, -0.6153454973168364, 0.3762699234159045], [-0.5774094802638364, 0.20024451129192622, 0.7279744043488292, 0.3107309035353126]], "target": [-0.5194229023172303, 0.47733325546219146, -0.6922889954411297, 0.15194985544357392], "inputs": [2, 2, 3, 3], "outputs": [2, 2, 3, 3], "time_start": null, "time_complete": null, "actions": null}]}, {"name": "Hallowed Sign (Pair)", "assignments": [[1, 0], [3, 2]], "tasks": [{"designers": [1, 0], "num_inputs": [2, 1], "num_outputs": [2, 1], "coupling": [[-0.40620703385272955, 0.15053081633033627, -0.9012970204008721], [-0.6808365721195964, -0.7077246519262543, 0.18864617441204476], [-0.6094730574135372, 0.6902653767869171, 0.38996961663213]], "target": [-0.4836668309804324, 0.8536989454098763, -0.19304016995281328], "inputs": [1, 1, 0], "outputs": [1, 1, 0], "time_start": null, "time_complete": null, "actions": null}, {"designers": [3, 2], "num_inputs": [2, 1], "num_outputs": [2, 1], "coupling": [[-0.47298564544792904, 0.8025372317588662, -0.3636187162963731], [-0.7974764336443315, -0.5654112579739393, -0.21057408942755995], [-0.3745876626133392, 0.19037883547585724, 0.9074359382461836]], "target": [-0.6674094535019348, -0.13350946725679336, -0.7326253090967141], "inputs": [3, 3, 2], "outputs": [3, 3, 2], "time_start": null, "time_complete": null, "actions": null}]}, {"name": "Husky Verse (Pair)", "assignments": [[0, 1], [2, 3]], "tasks": [{"designers": [0, 1], "num_inputs": [2, 2], "num_outputs": [2, 2], "coupling": [[-0.516139354166017, 0.6226386829420381, 0.34777974143726986, -0.47431054071264034], [-0.6935219327088686, -0.5610818600418572, 0.3555929168392866, 0.27886941868454074], [-0.432010186071902, -0.1542689549448802, -0.8227387353979876, -0.3356624226005277], [-0.25689432664611966, 0.5231723486351213, -0.2751434211738926, 0.764586225579152]], "target": [0.5483047037899216, -0.6369309877488915, -0.2886469960902932, -0.4586543145933745], "inputs": [0, 0, 1, 1], "outputs": [0, 0, 1, 1], "time_start": null, "time_complete": null, "actions": null}, {"designers": [2, 3], "num_inputs": [2, 2], "num_outputs": [2, 2], "coupling": [[-0.47319064889994406, 0.2531255094043196, -0.8037320782402035, 0.256968544164723], [-0.6463536954833626, -0.7493791961317018, 0.11854335758204927, -0.08127233916394443], [-0.36891672391234587, 0.32951145507103413, 0.5389562181524757, 0.6817982448712616], [-0.4714000010038528, 0.515539036224007, 0.22245991480632799, -0.6800831768887914]], "target": [-0.7362780267497053, 0.16497848527008288, 0.4225195094732184, -0.5021494108709681], "inputs": [2, 2, 3, 3], "outputs": [2, 2, 3, 3], "time_start": null, "time_complete": null, "actions": null}]}, {"name": "Arrogant Flame (Individual)", "assignments": [[0], [1], [2], [3]], "tasks": [{"designers": [0], "num_inputs": [4], "num_outputs": [4], "coupling": [[-0.39977818487761063, 0.3371077970873436, -0.6469493719865703, -0.5549704912200862], [-0.6217264623067194, -0.4899392544480135, -0.3184790837255515, 0.5215235433303367], [-0.593844571090518, 0.5825013811481132, 0.5304702903619506, 0.16322388731483972], [-0.3177770198580337, -0.5540848320017289, 0.4456779715880334, -0.6271992587981426]], "target": [0.6444219385755845, -0.3568225644343873, -0.5755487124537225, -0.355164331240927], "inputs": [0, 0, 0, 0], "outputs": [0, 0, 0, 0], "time_start": null, "time_complete": null, "actions": null}, {"designers": [1], "num_inputs": [4], "num_outputs": [4], "coupling": [[-0.6346924966719567, 0.6769967487149543, -0.24355306439515897, 0.2819977690007963], [-0.38028493640645356, -0.10267090093190138, 0.9031774957280302, 0.17062375114448375], [-0.5336957626804183, -0.19259567267544564, -0.09201924638541109, -0.8182959110604916], [-0.409533435396457, -0.7028804985187065, -0.3412986585511755, 0.4709103903776584]], "target": [-0.48106340958350713, -0.8473619549837623, 0.19043004510163977, 0.1195496178520642], "inputs": [1, 1, 1, 1], "outputs": [1, 1, 1, 1], "time_start": null, "time_complete": null, "actions": null}, {"designers": [2], "num_inputs": [4], "num_outputs": [4], "coupling": [[-0.47367546703376234, 0.691980938217846, 0.3666366835001959, -0.4029534407167559], [-0.5670358888447721, -0.6678692923568244, -0.0019111721437722743, -0.4820967294121064], [-0.3681404466673257, 0.26194343521549274, -0.8890639231376357, 0.07364501918123471], [-0.5644240110235805, -0.08061405719506666, 0.27411535948963095, 0.7744596046628084]], "target": [0.6207356309365166, 0.18786176401327428, 0.7606106996210183, -0.029438032028148806], "inputs": [2, 2, 2, 2], "outputs": [2, 2, 2, 2], "time_start": null, "time_complete": null, "actions": null}, {"designers": [3], "num_inputs": [4], "num_outputs": [4], "coupling": [[-0.46278194992208793, 0.6125483397392418, 0.6394301055947473, -0.04179160643119096], [-0.5260484057330693, -0.5243297681426787, 0.1639938859029388, 0.6491974849393635], [-0.5254312241422185, -0.4080070679574832, -0.038155874522478844, -0.7456516548848884], [-0.4827297073398496, 0.42824415725013865, -0.750186160019611, 0.14422099967665145]], "target": [-0.8506146410359383, 0.0866789836083879, 0.45659460722959766, -0.2458919496542499], "inputs": [3, 3, 3, 3], "outputs": [3, 3, 3, 3], "time_start": null, "time_complete": null, "actions": null}]}, {"name": "Economic Motion (Individual)", "assignments": [[0], [1], [2], [3]], "tasks": [{"designers": [0], "num_inputs": [2], "num_outputs": [2], "coupling": [[-0.531360588464343, -0.8471457519381345], [-0.8471457519381346, 0.5313605884643429]], "target": [0.04624912923301916, -0.9989299365046519], "inputs": [0, 0], "outputs": [0, 0], "time_start": null, "time_complete": null, "actions": null}, {"designers": [1], "num_inputs": [2], "num_outputs": [2], "coupling": [[-0.8326745094792517, -0.5537627301141604], [-0.5537627301141603, 0.8326745094792514]], "target": [0.9999999998380291, 1.7998387203795027e-05], "inputs": [1, 1], "outputs": [1, 1], "time_start": null, "time_complete": null, "actions": null}, {"designers": [2], "num_inputs": [2], "num_outputs": [2], "coupling": [[-0.8050488423914279, -0.593208531095282], [-0.593208531095282, 0.8050488423914278]], "target": [-0.22295614303517364, 0.9748284763397503], "inputs": [2, 2], "outputs": [2, 2], "time_start": null, "time_complete": null, "actions": null}, {"designers": [3], "num_inputs": [2], "num_outputs": [2], "coupling": [[-0.94084589908772, -0.33883475938843644], [-0.33883475938843644, 0.9408458990877199]], "target": [-0.1944509675408963, -0.9809122393070692], "inputs": [3, 3], "outputs": [3, 3], "time_start": null, "time_complete": null, "actions": null}]}, {"name": "Noiseless Stone (Individual)", "assignments": [[0], [1], [2], [3]], "tasks": [{"designers": [0], "num_inputs": [3], "num_outputs": [3], "coupling": [[-0.3413809545356432, 0.560183213013407, -0.7547541399279033], [-0.8676240711268683, -0.49665004124383044, 0.023816123398671542], [-0.36150728219715317, 0.6629732305232826, 0.6555753050016071]], "target": [-0.08172936809650744, 0.14149435967488527, 0.9865595048301647], "inputs": [0, 0, 0], "outputs": [0, 0, 0], "time_start": null, "time_complete": null, "actions": null}, {"designers": [1], "num_inputs": [3], "num_outputs": [3], "coupling": [[-0.5285670326225812, 0.6977968777850245, 0.48342156486655713], [-0.6713718707443431, 0.004873792904225862, -0.7411046196833265], [-0.5194965863196795, -0.7162791100515207, 0.46590506898508993]], "target": [0.48346416893073907, -0.7582335008573107, -0.437429257752355], "inputs": [1, 1, 1], "outputs": [1, 1, 1], "time_start": null, "time_complete": null, "actions": null}, {"designers": [2], "num_inputs": [3], "num_outputs": [3], "coupling": [[-0.7140441011001748, 0.6995569077990802, 0.027589027431805833], [-0.6854836373802314, -0.6905822854381098, -0.23066922188069386], [-0.14231375396640694, -0.1836198240650141, 0.9726410209539398]], "target": [0.24472808490866016, 0.963287880527994, -0.11038398291792464], "inputs": [2, 2, 2], "outputs": [2, 2, 2], "time_start": null, "time_complete": null, "actions": null}, {"designers": [3], "num_inputs": [3], "num_outputs": [3], "coupling": [[-0.543675956147046, 0.1166804346827913, -0.8311450720962196], [-0.4884879574618868, -0.8492677020851338, 0.2003094745880735], [-0.6824924689125214, 0.5149078037447784, 0.5187234171699018]], "target": [0.7077069009179142, 0.7064706319047229, 0.007084394773256697], "inputs": [3, 3, 3], "outputs": [3, 3, 3], "time_start": null, "time_complete": null, "actions": null}]}, {"name": "Towering Test (Pair)", "assignments": [[0, 1], [2, 3]], "tasks": [{"designers": [0, 1], "num_inputs": [1, 1], "num_outputs": [1, 1], "coupling": [[-0.7527585361860011, -0.658296731116834], [-0.658296731116834, 0.752758536186001]], "target": [0.9943098912138277, -0.10652624199860716], "inputs": [0, 1], "outputs": [0, 1], "time_start": null, "time_complete": null, "actions": null}, {"designers": [2, 3], "num_inputs": [1, 1], "num_outputs": [1, 1], "coupling": [[-0.7897790433905006, -0.6133914432246228], [-0.6133914432246229, 0.7897790433905004]], "target": [-0.6220896072120496, -0.7829460521637222], "inputs": [2, 3], "outputs": [2, 3], "time_start": null, "time_complete": null, "actions": null}]}, {"name": "Thinkable Ink (Pair)", "assignments": [[0, 1], [2, 3]], "tasks": [{"designers": [0, 1], "num_inputs": [1, 1], "num_outputs": [1, 1], "coupling": [[-0.6984496061518272, -0.7156592399084618], [-0.7156592399084617, 0.6984496061518273]], "target": [0.9859262062046097, 0.16718108720482092], "inputs": [0, 1], "outputs": [0, 1], "time_start": null, "time_complete": null, "actions": null}, {"designers": [2, 3], "num_inputs": [1, 1], "num_outputs": [1, 1], "coupling": [[-0.7543019085172548, -0.6565277075700819], [-0.6565277075700819, 0.7543019085172546]], "target": [0.994283597411443, -0.10677138155217261], "inputs": [2, 3], "outputs": [2, 3], "time_start": null, "time_complete": null, "actions": null}]}, {"name": "Better Behavior (Pair)", "assignments": [[0, 1], [2, 3]], "tasks": [{"designers": [0, 1], "num_inputs": [2, 1], "num_outputs": [2, 1], "coupling": [[-0.5390847457584647, 0.8224118282460232, 0.18173172989757447], [-0.5967611471091832, -0.22069709893410513, -0.7714719203075389], [-0.5943599668479226, -0.5243391796185968, 0.60975786548878]], "target": [-0.9044666127527292, 0.3296812803120685, -0.2706481107035479], "inputs": [0, 0, 1], "outputs": [0, 0, 1], "time_start": null, "time_complete": null, "actions": null}, {"designers": [2, 3], "num_inputs": [2, 1], "num_outputs": [2, 1], "coupling": [[-0.31635872782673, 0.39349655603273764, -0.8631787854889784], [-0.649865194513485, -0.7527640359541198, -0.10498349934163266], [-0.6910805917458561, 0.5277374030371914, 0.4938631886947621]], "target": [-0.7829097763270607, -0.4229525504020077, 0.45624929834461], "inputs": [2, 2, 3], "outputs": [2, 2, 3], "time_start": null, "time_complete": null, "actions": null}]}, {"name": "Flat Sleep (Individual)", "assignments": [[0], [1], [2], [3]], "tasks": [{"designers": [0], "num_inputs": [2], "num_outputs": [2], "coupling": [[-0.49286003703810993, -0.8701086046527716], [-0.8701086046527716, 0.4928600370381098]], "target": [0.9722597051948725, 0.23390396673502456], "inputs": [0, 0], "outputs": [0, 0], "time_start": null, "time_complete": null, "actions": null}, {"designers": [1], "num_inputs": [2], "num_outputs": [2], "coupling": [[-0.5497060701738826, -0.8353581485889666], [-0.8353581485889667, 0.5497060701738827]], "target": [0.9998674866838524, -0.01627909925383118], "inputs": [1, 1], "outputs": [1, 1], "time_start": null, "time_complete": null, "actions": null}, {"designers": [2], "num_inputs": [2], "num_outputs": [2], "coupling": [[-0.8578834423592091, -0.5138443337489611], [-0.513844333748961, 0.8578834423592092]], "target": [-0.17538773308638578, -0.9844994378275786], "inputs": [2, 2], "outputs": [2, 2], "time_start": null, "time_complete": null, "actions": null}, {"designers": [3], "num_inputs": [2], "num_outputs": [2], "coupling": [[-0.9639478142931477, -0.26609135897180664], [-0.26609135897180636, 0.963947814293148]], "target": [-0.8810367183159618, -0.473047884446216], "inputs": [3, 3], "outputs": [3, 3], "time_start": null, "time_complete": null, "actions": null}]}, {"name": "Staking System (Pair)", "assignments": [[0, 1], [2, 3]], "tasks": [{"designers": [0, 1], "num_inputs": [1, 1], "num_outputs": [1, 1], "coupling": [[-0.8477460453141525, -0.5304023403551446], [-0.5304023403551444, 0.8477460453141528]], "target": [-0.146368050341678, -0.9892302026521311], "inputs": [0, 1], "outputs": [0, 1], "time_start": null, "time_complete": null, "actions": null}, {"designers": [2, 3], "num_inputs": [1, 1], "num_outputs": [1, 1], "coupling": [[-0.7766625864294234, -0.6299168412106141], [-0.6299168412106141, 0.7766625864294233]], "target": [0.9225545606036474, 0.3858666644184377], "inputs": [2, 3], "outputs": [2, 3], "time_start": null, "time_complete": null, "actions": null}]}, {"name": "Unwritten Experience (Individual)", "assignments": [[0], [1], [2], [3]], "tasks": [{"designers": [0], "num_inputs": [3], "num_outputs": [3], "coupling": [[-0.45206541352962, 0.8915341686740201, 0.02834939112252748], [-0.7757920429495623, -0.3772942211620559, -0.5057625695658613], [-0.4402085505603438, -0.2506309972139162, 0.862206782186918]], "target": [0.050453067134462515, -0.300568506699988, -0.9524248320979796], "inputs": [0, 0, 0], "outputs": [0, 0, 0], "time_start": null, "time_complete": null, "actions": null}, {"designers": [1], "num_inputs": [3], "num_outputs": [3], "coupling": [[-0.6778308673602154, 0.6075487787273477, 0.4140408152834769], [-0.30849501900274356, 0.27615335922608036, -0.910258285015109], [-0.6673650713846171, -0.7447306920324012, 0.00024050102993547958]], "target": [-0.299165572604275, 0.1022666712018784, 0.948705163962779], "inputs": [1, 1, 1], "outputs": [1, 1, 1], "time_start": null, "time_complete": null, "actions": null}, {"designers": [2], "num_inputs": [3], "num_outputs": [3], "coupling": [[-0.21196109497459054, -0.11520076290462733, -0.9704644653171826], [-0.6918989704426303, -0.6836132728194643, 0.23226861158040588], [-0.6901799105433318, 0.7206952736429267, 0.06519212859805996]], "target": [0.7263940341713295, 0.10544953005504928, -0.6791407098175392], "inputs": [2, 2, 2], "outputs": [2, 2, 2], "time_start": null, "time_complete": null, "actions": null}, {"designers": [3], "num_inputs": [3], "num_outputs": [3], "coupling": [[-0.5883251238714093, 0.7352446330240863, -0.336584132470573], [-0.5265660071448242, -0.6642377472387502, -0.5305812428485833], [-0.6136788970962328, -0.13492051271940472, 0.7779425856104578]], "target": [-0.052239816586229226, 0.2331593610386932, 0.9710343525967892], "inputs": [3, 3, 3], "outputs": [3, 3, 3], "time_start": null, "time_complete": null, "actions": null}]}]}