{"name": "experiment006", "num_designers": 4, "error_tol": 0.05, "training": [{"name": "Training Task 1/5 (Individual)", "assignments": [[0], [1], [2], [3]], "tasks": [{"designers": [0], "num_inputs": [1], "num_outputs": [1], "coupling": [[1.0]], "target": [-1.0], "inputs": [0], "outputs": [0], "time_start": null, "time_complete": null, "actions": null}, {"designers": [1], "num_inputs": [1], "num_outputs": [1], "coupling": [[1.0]], "target": [1.0], "inputs": [1], "outputs": [1], "time_start": null, "time_complete": null, "actions": null}, {"designers": [2], "num_inputs": [1], "num_outputs": [1], "coupling": [[1.0]], "target": [-1.0], "inputs": [2], "outputs": [2], "time_start": null, "time_complete": null, "actions": null}, {"designers": [3], "num_inputs": [1], "num_outputs": [1], "coupling": [[1.0]], "target": [1.0], "inputs": [3], "outputs": [3], "time_start": null, "time_complete": null, "actions": null}]}, {"name": "Training Task 2/5 (Individual)", "assignments": [[0], [1], [2], [3]], "tasks": [{"designers": [0], "num_inputs": [2], "num_outputs": [2], "coupling": [[-0.8769857524726146, -0.4805163784513923], [-0.48051637845139206, 0.8769857524726147]], "target": [0.018621639659553324, -0.9998266022348025], "inputs": [0, 0], "outputs": [0, 0], "time_start": null, "time_complete": null, "actions": null}, {"designers": [1], "num_inputs": [2], "num_outputs": [2], "coupling": [[-0.9872795868552715, -0.15899376522016032], [-0.1589937652201603, 0.9872795868552718]], "target": [0.23857660344974407, 0.9711236812509432], "inputs": [1, 1], "outputs": [1, 1], "time_start": null, "time_complete": null, "actions": null}, {"designers": [2], "num_inputs": [2], "num_outputs": [2], "coupling": [[-0.5405376828035097, -0.8413198045151508], [-0.8413198045151506, 0.5405376828035099]], "target": [0.26303220941406646, 0.9647870525720972], "inputs": [2, 2], "outputs": [2, 2], "time_start": null, "time_complete": null, "actions": null}, {"designers": [3], "num_inputs": [2], "num_outputs": [2], "coupling": [[-0.1876906190644211, -0.9822281972714968], [-0.9822281972714968, 0.18769061906442108]], "target": [0.9985352662131939, 0.054104732958828304], "inputs": [3, 3], "outputs": [3, 3], "time_start": null, "time_complete": null, "actions": null}]}, {"name": "Training Task 3/5 (Pair)", "assignments": [[0, 1], [2, 3]], "tasks": [{"designers": [0, 1], "num_inputs": [1, 1], "num_outputs": [1, 1], "coupling": [[-0.8284046197445322, -0.5601301509345101], [-0.5601301509345102, 0.8284046197445321]], "target": [-0.9515668820525502, -0.3074418139758931], "inputs": [0, 1], "outputs": [0, 1], "time_start": null, "time_complete": null, "actions": null}, {"designers": [2, 3], "num_inputs": [1, 1], "num_outputs": [1, 1], "coupling": [[-0.16501749896632312, -0.9862906392311035], [-0.9862906392311036, 0.16501749896632348]], "target": [0.9817256794930145, 0.1903015770401773], "inputs": [2, 3], "outputs": [2, 3], "time_start": null, "time_complete": null, "actions": null}]}, {"name": "Training Task 4/5 (Pair)", "assignments": [[0, 1], [2, 3]], "tasks": [{"designers": [0, 1], "num_inputs": [2, 1], "num_outputs": [2, 1], "coupling": [[-0.3630982993702076, 0.9202290090344848, -0.14607599366724383], [-0.4019037730604601, -0.29612430944334, -0.8664777842255802], [-0.8406146454792639, -0.2559081168859529, 0.4773657439717019]], "target": [0.32947220320544646, -0.7900130509459513, 0.5170371811098492], "inputs": [0, 0, 1], "outputs": [0, 0, 1], "time_start": null, "time_complete": null, "actions": null}, {"designers": [2, 3], "num_inputs": [2, 1], "num_outputs": [2, 1], "coupling": [[-0.6596310025881165, 0.697453891031541, 0.28008036401997105], [-0.4385934703207639, -0.054584805250315595, -0.8970263467857421], [-0.6103463837990567, -0.7145478073024563, 0.34190455226958627]], "target": [0.3120354183812868, -0.041052286340081845, 0.9491831264102133], "inputs": [2, 2, 3], "outputs": [2, 2, 3], "time_start": null, "time_complete": null, "actions": null}]}, {"name": "Training Task 5/5 (Pair)", "assignments": [[1, 0], [3, 2]], "tasks": [{"designers": [1, 0], "num_inputs": [2, 1], "num_outputs": [2, 1], "coupling": [[-0.32341475549581444, -0.2651935441356433, 0.9083365456021018], [-0.9232426218676533, 0.2988573469937824, -0.24146914360799618], [-0.20742699220333788, -0.9167096979396555, -0.34149285879628855]], "target": [0.33199602385558946, -0.7307087346934784, 0.5965260976577091], "inputs": [1, 1, 0], "outputs": [1, 1, 0], "time_start": null, "time_complete": null, "actions": null}, {"designers": [3, 2], "num_inputs": [2, 1], "num_outputs": [2, 1], "coupling": [[-0.6320652832644139, -0.17917098000755183, -0.7539172617834202], [-0.5655246965400365, -0.5584938166228367, 0.606849630796095], [-0.529787972018218, 0.8099274144744026, 0.25167893830758553]], "target": [0.8048916030461064, 0.10188719100841755, -0.5846097054054806], "inputs": [3, 3, 2], "outputs": [3, 3, 2], "time_start": null, "time_complete": null, "actions": null}]}], "rounds": [{"name": "Staking System (Pair)", "assignments": [[0, 1], [2, 3]], "tasks": [{"designers": [0, 1], "num_inputs": [1, 1], "num_outputs": [1, 1], "coupling": [[-0.6994305479276567, -0.7147005727055338], [-0.7147005727055338, 0.6994305479276567]], "target": [-0.9693019797895752, -0.24587328438854314], "inputs": [0, 1], "outputs": [0, 1], "time_start": null, "time_complete": null, "actions": null}, {"designers": [2, 3], "num_inputs": [1, 1], "num_outputs": [1, 1], "coupling": [[-0.8815621129798269, -0.472068046957791], [-0.4720680469577909, 0.8815621129798268]], "target": [-0.14171785454146169, 0.9899070914505892], "inputs": [2, 3], "outputs": [2, 3], "time_start": null, "time_complete": null, "actions": null}]}, {"name": "Noiseless Stone (Individual)", "assignments": [[0], [1], [2], [3]], "tasks": [{"designers": [0], "num_inputs": [3], "num_outputs": [3], "coupling": [[-0.5116276791016424, 0.2282664619022656, -0.828330574316612], [-0.3852894596653584, -0.9226521400991881, -0.016280683068119212], [-0.7679773110241231, 0.3108173913104122, 0.5600030348231583]], "target": [0.4782769737102257, 0.8486487156645918, -0.22593471140890792], "inputs": [0, 0, 0], "outputs": [0, 0, 0], "time_start": null, "time_complete": null, "actions": null}, {"designers": [1], "num_inputs": [3], "num_outputs": [3], "coupling": [[-0.21848710441239086, -0.7497208957970203, 0.6246454703356157], [-0.658508039997064, 0.585669073185356, 0.4726086097114946], [-0.7201600839151768, -0.30807517770752024, -0.6216583775802957]], "target": [-0.6663547665765706, -0.3936055161839661, -0.6332819456531488], "inputs": [1, 1, 1], "outputs": [1, 1, 1], "time_start": null, "time_complete": null, "actions": null}, {"designers": [2], "num_inputs": [3], "num_outputs": [3], "coupling": [[-0.405872852261396, -0.02359175699609792, -0.9136250088515725], [-0.6343551981172746, -0.7123701393058034, 0.3002037095823833], [-0.6579215077946554, 0.70140730936259, 0.27416614662269984]], "target": [0.4635470921471654, -0.15565569567123688, 0.8722931833775905], "inputs": [2, 2, 2], "outputs": [2, 2, 2], "time_start": null, "time_complete": null, "actions": null}, {"designers": [3], "num_inputs": [3], "num_outputs": [3], "coupling": [[-0.29266863011519456, 0.8992024749404578, -0.32523834645910216], [-0.7179542769346354, -0.43129798882227177, -0.5463732250660971], [-0.6315748009363262, 0.07359995855174578, 0.771813654273764]], "target": [0.8473601913705409, 0.5309838480613199, -0.006071176037082333], "inputs": [3, 3, 3], "outputs": [3, 3, 3], "time_start": null, "time_complete": null, "actions": null}]}, {"name": "Unwritten Experience (Individual)", "assignments": [[0], [1], [2], [3]], "tasks": [{"designers": [0], "num_inputs": [3], "num_outputs": [3], "coupling": [[-0.502393866145191, 0.8305802840448853, -0.2402848206100533], [-0.14217482568165826, -0.35347510618099925, -0.9245764804778032], [-0.8528696982552949, -0.4303391000899745, 0.2956713322790579]], "target": [0.08588968770393568, 0.5486736825347933, -0.8316129818851008], "inputs": [0, 0, 0], "outputs": [0, 0, 0], "time_start": null, "time_complete": null, "actions": null}, {"designers": [1], "num_inputs": [3], "num_outputs": [3], "coupling": [[-0.26736399004646855, 0.31150148795828453, -0.9118570720382699], [-0.6351639745551166, -0.7685967459648396, -0.0763267156348738], [-0.7246262638448725, 0.5587717468627369, 0.40334961590930835]], "target": [-0.3472208417008722, -0.9001716344989257, -0.2629234024047123], "inputs": [1, 1, 1], "outputs": [1, 1, 1], "time_start": null, "time_complete": null, "actions": null}, {"designers": [2], "num_inputs": [3], "num_outputs": [3], "coupling": [[-0.6488585175758945, 0.19054039682604368, -0.7366661261023114], [-0.44715710317826546, -0.8788124460232032, 0.1665509225190212], [-0.6156566813138915, 0.43747347564405403, 0.6554264328370322]], "target": [-0.093922135932762, 0.5285678805736183, -0.8436792210358988], "inputs": [2, 2, 2], "outputs": [2, 2, 2], "time_start": null, "time_complete": null, "actions": null}, {"designers": [3], "num_inputs": [3], "num_outputs": [3], "coupling": [[-0.7467432896558069, 0.34730105766088337, -0.5672357840454499], [-0.41833201275824217, -0.9082781721560006, -0.0053934299469427195], [-0.5170810250392702, 0.2332653796271245, 0.8235377806826784]], "target": [-0.2205542170588357, 0.6638996712016227, 0.714557950005415], "inputs": [3, 3, 3], "outputs": [3, 3, 3], "time_start": null, "time_complete": null, "actions": null}]}, {"name": "Economic Motion (Individual)", "assignments": [[0], [1], [2], [3]], "tasks": [{"designers": [0], "num_inputs": [2], "num_outputs": [2], "coupling": [[-0.7066158203108889, -0.707597401412957], [-0.707597401412957, 0.7066158203108889]], "target": [-0.8494909366818488, -0.5276032112254383], "inputs": [0, 0], "outputs": [0, 0], "time_start": null, "time_complete": null, "actions": null}, {"designers": [1], "num_inputs": [2], "num_outputs": [2], "coupling": [[-0.9036823055352324, -0.4282035621786985], [-0.42820356217869854, 0.9036823055352325]], "target": [-0.9995183840417536, 0.031032240695142866], "inputs": [1, 1], "outputs": [1, 1], "time_start": null, "time_complete": null, "actions": null}, {"designers": [2], "num_inputs": [2], "num_outputs": [2], "coupling": [[-0.8155759524688959, -0.5786500373753146], [-0.5786500373753147, 0.8155759524688959]], "target": [0.6590859552404063, 0.7520676190375712], "inputs": [2, 2], "outputs": [2, 2], "time_start": null, "time_complete": null, "actions": null}, {"designers": [3], "num_inputs": [2], "num_outputs": [2], "coupling": [[-0.1975532666951935, -0.9802921538082702], [-0.9802921538082702, 0.19755326669519357]], "target": [0.9892136930037589, 0.14647958756722795], "inputs": [3, 3], "outputs": [3, 3], "time_start": null, "time_complete": null, "actions": null}]}, {"name": "Towering Test (Pair)", "assignments": [[0, 1], [2, 3]], "tasks": [{"designers": [0, 1], "num_inputs": [1, 1], "num_outputs": [1, 1], "coupling": [[0.3331018208499506, 0.9428908616305748], [0.9428908616305747, -0.33310182084995055]], "target": [-0.8333817049137024, -0.5526978685639473], "inputs": [0, 1], "outputs": [0, 1], "time_start": null, "time_complete": null, "actions": null}, {"designers": [2, 3], "num_inputs": [1, 1], "num_outputs": [1, 1], "coupling": [[-0.940017500447768, -0.34112622129049347], [-0.34112622129049347, 0.9400175004477678]], "target": [0.7177262242470615, -0.6963254031184394], "inputs": [2, 3], "outputs": [2, 3], "time_start": null, "time_complete": null, "actions": null}]}, {"name": "Better Behavior (Pair)", "assignments": [[0, 1], [2, 3]], "tasks": [{"designers": [0, 1], "num_inputs": [2, 1], "num_outputs": [2, 1], "coupling": [[-0.6626045545421811, 0.18685428672673832, -0.7252866190905489], [-0.10798649073361259, -0.9820954210466788, -0.15436159424606252], [-0.7411437931461049, -0.023959538622198566, 0.6709186376827034]], "target": [0.6695993299788723, -0.703726923912352, 0.2374976923102701], "inputs": [0, 0, 1], "outputs": [0, 0, 1], "time_start": null, "time_complete": null, "actions": null}, {"designers": [2, 3], "num_inputs": [2, 1], "num_outputs": [2, 1], "coupling": [[-0.49910822952450257, -0.13124395125240346, -0.8565430523216991], [-0.5945930595352568, -0.6671796937188631, 0.4486985066185383], [-0.6303570962346813, 0.7332436713322933, 0.25495813318605914]], "target": [-0.5966862444008476, 0.7886946598822381, 0.14807518095903952], "inputs": [2, 2, 3], "outputs": [2, 2, 3], "time_start": null, "time_complete": null, "actions": null}]}, {"name": "Hallowed Sign (Pair)", "assignments": [[1, 0], [3, 2]], "tasks": [{"designers": [1, 0], "num_inputs": [2, 1], "num_outputs": [2, 1], "coupling": [[-0.7253761437852002, 0.6777126772292182, 0.12056109301975207], [-0.2717313986301917, -0.12100031809027793, -0.9547360734886534], [-0.6324488098066053, -0.7253030057464649, 0.27192655778601554]], "target": [0.768307497856374, 0.6357983975363738, 0.07391878264593592], "inputs": [1, 1, 0], "outputs": [1, 1, 0], "time_start": null, "time_complete": null, "actions": null}, {"designers": [3, 2], "num_inputs": [2, 1], "num_outputs": [2, 1], "coupling": [[-0.7729131504943685, 0.4255505889113669, -0.470650568968166], [-0.5171729322556882, -0.8522523678473678, 0.07872775648148976], [-0.36761041869746164, 0.3042574531145362, 0.8788003085396208]], "target": [-0.19500797919443014, 0.604391781578449, 0.7724522395662613], "inputs": [3, 3, 2], "outputs": [3, 3, 2], "time_start": null, "time_complete": null, "actions": null}]}, {"name": "Husky Verse (Pair)", "assignments": [[0, 1], [2, 3]], "tasks": [{"designers": [0, 1], "num_inputs": [2, 2], "num_outputs": [2, 2], "coupling": [[-0.7104530054427217, -0.37242723327659505, -0.18055768011873413, 0.569169049686897], [-0.5380120431508784, 0.21793363712176506, 0.761927271077039, -0.28725390306241794], [-0.24171157167540833, 0.8852537528765239, -0.3626191245517694, 0.1625074756604847], [-0.3838946269488872, -0.1735761468141584, -0.5053445638854205, -0.7530757653837882]], "target": [0.38902898654251605, -0.11458340197547846, -0.6355116707254349, 0.6570022891841363], "inputs": [0, 0, 1, 1], "outputs": [0, 0, 1, 1], "time_start": null, "time_complete": null, "actions": null}, {"designers": [2, 3], "num_inputs": [2, 2], "num_outputs": [2, 2], "coupling": [[-0.6935571065502601, 0.36658220608761694, -0.615472464240851, 0.07608989351327757], [-0.48192678291557145, 0.18343381576750684, 0.5736441032802071, -0.6364205008588799], [-0.4631474302151558, -0.8796940061878202, 0.011213014418086293, 0.10727153243046932], [-0.268736997354991, 0.24105596215429437, 0.5403705736259167, 0.7600474278107184]], "target": [0.5564567827734455, -0.4598278392552963, 0.5793517461293411, 0.37850463855561345], "inputs": [2, 2, 3, 3], "outputs": [2, 2, 3, 3], "time_start": null, "time_complete": null, "actions": null}]}, {"name": "Impolite Heat (Individual)", "assignments": [[0], [1], [2], [3]], "tasks": [{"designers": [0], "num_inputs": [4], "num_outputs": [4], "coupling": [[-0.6349996659528014, 0.5996442442492327, -0.052377280974415664, 0.4842094846410222], [-0.5689045049107202, -0.7747854967176283, 0.15231959908457007, 0.2298996261480696], [-0.4685924296882728, 0.17563808915439816, 0.34302937592472654, -0.7949234200410282], [-0.23139624752999005, -0.09636117502903363, -0.9254113719990346, -0.2842254266439365]], "target": [-0.32084154746767535, 0.31535552791251087, 0.17835704634671729, 0.8751001979499518], "inputs": [0, 0, 0, 0], "outputs": [0, 0, 0, 0], "time_start": null, "time_complete": null, "actions": null}, {"designers": [1], "num_inputs": [4], "num_outputs": [4], "coupling": [[-0.6234899103187506, 0.6742807750434276, -0.05217096973447116, -0.3922804584152973], [-0.5624532399503025, -0.05096525653687272, 0.3088517343485785, 0.7652839353373447], [-0.5205024417225086, -0.7340712439024366, 0.011291328223507131, -0.43599211339585603], [-0.15486733923274576, -0.0623489206682437, -0.9496111319976136, 0.26526857581833085]], "target": [0.4570481550023058, 0.20733118828682104, -0.5655810015933118, 0.6543996431915814], "inputs": [1, 1, 1, 1], "outputs": [1, 1, 1, 1], "time_start": null, "time_complete": null, "actions": null}, {"designers": [2], "num_inputs": [4], "num_outputs": [4], "coupling": [[-0.46986425756170136, 0.24317735887331282, -0.7453817795388699, 0.4055839670510397], [-0.5562265668626698, -0.34280633791810056, -0.16342209683315453, -0.7391813304365876], [-0.4914623442148958, -0.5477930245850671, 0.42002308545218836, 0.5310067552507848], [-0.4778120446378029, 0.7233749988978915, 0.4912024314733659, -0.08452474361493588]], "target": [0.5166810814308007, -0.7160031567474218, -0.45710800387575373, -0.10692245981059881], "inputs": [2, 2, 2, 2], "outputs": [2, 2, 2, 2], "time_start": null, "time_complete": null, "actions": null}, {"designers": [3], "num_inputs": [4], "num_outputs": [4], "coupling": [[-0.3756990950604468, -0.5778764248058615, 0.5161747105151414, -0.5084021005552272], [-0.5471724329502878, -0.3002858780799881, -0.7799342287899498, -0.04618786428077117], [-0.47393015456115706, 0.757899835628024, 0.06694032204043134, -0.4432798676206439], [-0.5786559661730468, 0.03840661706451383, 0.34754173889125795, 0.7368154072129858]], "target": [-0.3067583802826348, -0.7580742808647891, -0.11499561236117632, 0.5639137256313105], "inputs": [3, 3, 3, 3], "outputs": [3, 3, 3, 3], "time_start": null, "time_complete": null, "actions": null}]}, {"name": "Absorbed Copper (Pair)", "assignments": [[1, 0], [3, 2]], "tasks": [{"designers": [1, 0], "num_inputs": [2, 1], "num_outputs": [2, 1], "coupling": [[-0.49824294637933914, -0.3732234823487551, -0.7825970857386982], [-0.6466103681802888, -0.4413750870812703, 0.6221599989277297], [-0.5776235782453714, 0.8160222207314394, -0.021418149489248507]], "target": [-0.6125840739661694, -0.2864792506691143, -0.736661653175373], "inputs": [1, 1, 0], "outputs": [1, 1, 0], "time_start": null, "time_complete": null, "actions": null}, {"designers": [3, 2], "num_inputs": [2, 1], "num_outputs": [2, 1], "coupling": [[-0.5522236505718896, 0.8165654286071005, 0.16813667224242881], [-0.3184943182931403, -0.02025012315339757, -0.9477084476394944], [-0.7704611664218018, -0.5768975934392294, 0.271254046458264]], "target": [0.4512567601271795, 0.14224220903996118, -0.8809849546995417], "inputs": [3, 3, 2], "outputs": [3, 3, 2], "time_start": null, "time_complete": null, "actions": null}]}, {"name": "Thinkable Ink (Pair)", "assignments": [[0, 1], [2, 3]], "tasks": [{"designers": [0, 1], "num_inputs": [1, 1], "num_outputs": [1, 1], "coupling": [[-0.8964175628331401, -0.4432105064687579], [-0.44321050646875776, 0.8964175628331403]], "target": [-0.2758096643445971, -0.9612122705490814], "inputs": [0, 1], "outputs": [0, 1], "time_start": null, "time_complete": null, "actions": null}, {"designers": [2, 3], "num_inputs": [1, 1], "num_outputs": [1, 1], "coupling": [[-0.7917904382051913, -0.6107928470167531], [-0.6107928470167528, 0.7917904382051915]], "target": [0.44598463541243416, 0.8950406163834345], "inputs": [2, 3], "outputs": [2, 3], "time_start": null, "time_complete": null, "actions": null}]}, {"name": "Arrogant Flame (Individual)", "assignments": [[0], [1], [2], [3]], "tasks": [{"designers": [0], "num_inputs": [4], "num_outputs": [4], "coupling": [[-0.2765632531501628, 0.008561947871682074, -0.5554037674054126, 0.7841977526157009], [-0.4837062188656471, 0.22106444142152418, 0.7630076958378507, 0.36739360726869236], [-0.5697805850098274, 0.6126161222967388, -0.3271568763575286, -0.43934035769543217], [-0.6040622035714168, -0.7587876465057524, -0.04810706285019707, -0.23882184203006243]], "target": [-0.30253985644220194, 0.6171974530848677, 0.6573136530446393, 0.3089914249467055], "inputs": [0, 0, 0, 0], "outputs": [0, 0, 0, 0], "time_start": null, "time_complete": null, "actions": null}, {"designers": [1], "num_inputs": [4], "num_outputs": [4], "coupling": [[-0.47361168364171213, 0.7565644535538592, 0.29981200120564333, 0.3367713833892083], [-0.6137472082039217, -0.06701293577151575, 0.0787593525668009, -0.7827008338084438], [-0.29203706990401423, 0.13448905386226334, -0.9388801623006637, 0.12300847544535548], [-0.560107746189814, -0.6364213921995922, 0.14971228792121646, 0.5087566756852385]], "target": [-0.36680049263269, -0.2457780612411876, 0.5520420667749701, 0.7073189519076655], "inputs": [1, 1, 1, 1], "outputs": [1, 1, 1, 1], "time_start": null, "time_complete": null, "actions": null}, {"designers": [2], "num_inputs": [4], "num_outputs": [4], "coupling": [[-0.5785399782722913, -0.18659840301325617, 0.12508650791615397, -0.7841083439620707], [-0.5240371722262497, -0.6508900339408413, -0.20810984458079043, 0.5083478124573425], [-0.5600970558477749, 0.7145018811346956, -0.37718738985658534, 0.18305196753603006], [-0.27743075477759654, 0.1760973070900681, 0.8937411991505579, 0.30536631065014624]], "target": [0.8771905073878927, 0.23977560361319758, -0.15747153169366682, 0.38502881757934493], "inputs": [2, 2, 2, 2], "outputs": [2, 2, 2, 2], "time_start": null, "time_complete": null, "actions": null}, {"designers": [3], "num_inputs": [4], "num_outputs": [4], "coupling": [[-0.6029341883796786, -0.31362119644733727, 0.1841151515572747, -0.7100800804056683], [-0.6142123308125287, 0.26362648430702784, 0.5133921551474474, 0.5382125829844712], [-0.43348701734084755, -0.4321779869431327, -0.6940214817746517, 0.3790057733518505], [-0.26702543503890047, 0.8033461330663377, -0.46996200786384684, -0.24993622925504227]], "target": [-0.3880132888163961, -0.6071829876205879, 0.6932996082351891, -0.010495735655701999], "inputs": [3, 3, 3, 3], "outputs": [3, 3, 3, 3], "time_start": null, "time_complete": null, "actions": null}]}, {"name": "Chief Government (Pair)", "assignments": [[0, 1], [2, 3]], "tasks": [{"designers": [0, 1], "num_inputs": [2, 2], "num_outputs": [2, 2], "coupling": [[-0.5173593652900684, 0.3193150232334045, 0.4240459699957639, 0.671239315307484], [-0.3164473638779167, -0.6030216195114093, 0.6377223043762823, -0.3599114541072001], [-0.5531540114543602, 0.5470349286408721, -0.10666655864110355, -0.6191895281143647], [-0.571157590033893, -0.48492847842353404, -0.6341273713529642, 0.19106505452722544]], "target": [0.5443935785929377, -0.5343812053878493, 0.028955300316582486, -0.6459364902980642], "inputs": [0, 0, 1, 1], "outputs": [0, 0, 1, 1], "time_start": null, "time_complete": null, "actions": null}, {"designers": [2, 3], "num_inputs": [2, 2], "num_outputs": [2, 2], "coupling": [[-0.32040719495895115, -0.5036267150357143, -0.07891678824260845, -0.7984181247030546], [-0.5980379405458748, 0.5783171197016318, -0.5504039944205336, -0.07039441493171159], [-0.3913431702322944, 0.36607193558240464, 0.8297848546883484, -0.15588122408207078], [-0.6217237121091025, -0.5271629529294475, 0.04779830948086125, 0.5772990286417902]], "target": [0.07161977085249771, -0.3809527968198575, 0.3063368981051978, -0.8694269836377577], "inputs": [2, 2, 3, 3], "outputs": [2, 2, 3, 3], "time_start": null, "time_complete": null, "actions": null}]}, {"name": "Chemical Rhythm (Pair)", "assignments": [[0, 1], [2, 3]], "tasks": [{"designers": [0, 1], "num_inputs": [2, 2], "num_outputs": [2, 2], "coupling": [[-0.4736798337409835, 0.013009682647041212, 0.4124012099945923, -0.7780638825055012], [-0.6186865555461324, -0.6402868792405934, 0.13174856594291634, 0.43577743588991624], [-0.228438920949087, -0.19253991950320548, -0.8927246764271386, -0.3373228288915183], [-0.5836694445396251, 0.7434997241609876, -0.12494082385290102, 0.30154258441934817]], "target": [0.05873599875450464, -0.36796271005285275, 0.8216415711504382, -0.4313451692302933], "inputs": [0, 0, 1, 1], "outputs": [0, 0, 1, 1], "time_start": null, "time_complete": null, "actions": null}, {"designers": [2, 3], "num_inputs": [2, 2], "num_outputs": [2, 2], "coupling": [[-0.34386943549980553, 0.02002080256321324, 0.9084624373939658, 0.23674665496683037], [-0.6363606633119057, -0.21609677973222272, -0.3987248276767198, 0.6239918266874693], [-0.5685562500502253, -0.38767796934526566, -0.017636769840826926, -0.7253540700669837], [-0.39184526033512584, 0.8958834418262338, -0.12411066025110515, -0.16866147937959317]], "target": [0.6408951408266563, 0.5812695185543663, 0.3255491246415163, -0.3813094972715703], "inputs": [2, 2, 3, 3], "outputs": [2, 2, 3, 3], "time_start": null, "time_complete": null, "actions": null}]}, {"name": "Flat Sleep (Individual)", "assignments": [[0], [1], [2], [3]], "tasks": [{"designers": [0], "num_inputs": [2], "num_outputs": [2], "coupling": [[-0.6903891860654295, -0.7234381602900921], [-0.7234381602900921, 0.6903891860654298]], "target": [-0.10315544375558972, 0.9946652474192449], "inputs": [0, 0], "outputs": [0, 0], "time_start": null, "time_complete": null, "actions": null}, {"designers": [1], "num_inputs": [2], "num_outputs": [2], "coupling": [[-0.9349148963895769, -0.35487200017593085], [-0.35487200017593085, 0.9349148963895774]], "target": [-0.8692560203159252, 0.49436218620007727], "inputs": [1, 1], "outputs": [1, 1], "time_start": null, "time_complete": null, "actions": null}, {"designers": [2], "num_inputs": [2], "num_outputs": [2], "coupling": [[-0.4532219247411822, -0.8913977153515137], [-0.8913977153515139, 0.45322192474118206]], "target": [0.8499342949621667, 0.526888692464703], "inputs": [2, 2], "outputs": [2, 2], "time_start": null, "time_complete": null, "actions": null}, {"designers": [3], "num_inputs": [2], "num_outputs": [2], "coupling": [[-0.8699646398249175, -0.4931141099728352], [-0.4931141099728353, 0.8699646398249176]], "target": [-0.43608849902290503, -0.8999037843124952], "inputs": [3, 3], "outputs": [3, 3], "time_start": null, "time_complete": null, "actions": null}]}]}