{"name": "experiment005", "num_designers": 4, "error_tol": 0.05, "training": [{"name": "Training Task 1/5 (Individual)", "assignments": [[0], [1], [2], [3]], "tasks": [{"designers": [0], "num_inputs": [1], "num_outputs": [1], "coupling": [[1.0]], "target": [1.0], "inputs": [0], "outputs": [0], "time_start": null, "time_complete": null, "actions": null, "score": null}, {"designers": [1], "num_inputs": [1], "num_outputs": [1], "coupling": [[1.0]], "target": [1.0], "inputs": [1], "outputs": [1], "time_start": null, "time_complete": null, "actions": null, "score": null}, {"designers": [2], "num_inputs": [1], "num_outputs": [1], "coupling": [[1.0]], "target": [-1.0], "inputs": [2], "outputs": [2], "time_start": null, "time_complete": null, "actions": null, "score": null}, {"designers": [3], "num_inputs": [1], "num_outputs": [1], "coupling": [[1.0]], "target": [-1.0], "inputs": [3], "outputs": [3], "time_start": null, "time_complete": null, "actions": null, "score": null}], "max_time": 90000}, {"name": "Training Task 2/5 (Individual)", "assignments": [[0], [1], [2], [3]], "tasks": [{"designers": [0], "num_inputs": [2], "num_outputs": [2], "coupling": [[-0.4633363276680483, -0.8861825136297186], [-0.8861825136297184, 0.46333632766804855]], "target": [-0.9743399469871878, -0.2250814690395541], "inputs": [0, 0], "outputs": [0, 0], "time_start": null, "time_complete": null, "actions": null, "score": null}, {"designers": [1], "num_inputs": [2], "num_outputs": [2], "coupling": [[-0.6733341241436325, -0.7393383239517123], [-0.7393383239517124, 0.6733341241436326]], "target": [0.2903458649574502, -0.9569217725091796], "inputs": [1, 1], "outputs": [1, 1], "time_start": null, "time_complete": null, "actions": null, "score": null}, {"designers": [2], "num_inputs": [2], "num_outputs": [2], "coupling": [[-0.5990838980109061, -0.8006862576215842], [-0.8006862576215841, 0.5990838980109062]], "target": [0.055289864763865104, -0.9984703455057606], "inputs": [2, 2], "outputs": [2, 2], "time_start": null, "time_complete": null, "actions": null, "score": null}, {"designers": [3], "num_inputs": [2], "num_outputs": [2], "coupling": [[-0.5545221006355883, -0.8321689972035092], [-0.8321689972035093, 0.5545221006355883]], "target": [-0.5494162589075084, 0.835548786396149], "inputs": [3, 3], "outputs": [3, 3], "time_start": null, "time_complete": null, "actions": null, "score": null}], "max_time": 120000}, {"name": "Training Task 3/5 (Pair)", "assignments": [[0, 1], [2, 3]], "tasks": [{"designers": [0, 1], "num_inputs": [1, 1], "num_outputs": [1, 1], "coupling": [[1, 0], [0, -1]], "target": [0.4204519029271143, 0.9073148281191973], "inputs": [0, 1], "outputs": [0, 1], "time_start": null, "time_complete": null, "actions": null, "score": null}, {"designers": [2, 3], "num_inputs": [1, 1], "num_outputs": [1, 1], "coupling": [[-1, 0], [0, 1]], "target": [0.6039825748488779, -0.7969975215011145], "inputs": [2, 3], "outputs": [2, 3], "time_start": null, "time_complete": null, "actions": null, "score": null}], "max_time": 270000}, {"name": "Training Task 4/5 (Pair)", "assignments": [[0, 1], [2, 3]], "tasks": [{"designers": [0, 1], "num_inputs": [1, 1], "num_outputs": [1, 1], "coupling": [[-0.6478797253687867, -0.7617426477860259], [-0.7617426477860257, 0.6478797253687867]], "target": [0.40718166106772613, -0.913347192961213], "inputs": [0, 1], "outputs": [0, 1], "time_start": null, "time_complete": null, "actions": null, "score": null}, {"designers": [2, 3], "num_inputs": [1, 1], "num_outputs": [1, 1], "coupling": [[-0.46223186786107884, -0.8867590993802418], [-0.8867590993802419, 0.46223186786107895]], "target": [0.9696731217430103, -0.2444054765531345], "inputs": [2, 3], "outputs": [2, 3], "time_start": null, "time_complete": null, "actions": null, "score": null}], "max_time": 270000}, {"name": "Training Task 5/5 (Pair)", "assignments": [[0, 1], [2, 3]], "tasks": [{"designers": [0, 1], "num_inputs": [2, 1], "num_outputs": [2, 1], "coupling": [[-0.544742064158891, 0.6170107807637256, -0.5679381832182518], [-0.7172237414108744, -0.6937344985503044, -0.06574610465833673], [-0.43456436610989874, 0.3715240798959003, 0.8204411433887301]], "target": [-0.4857159587604536, 0.4438263439408992, 0.7530592166818412], "inputs": [0, 0, 1], "outputs": [0, 0, 1], "time_start": null, "time_complete": null, "actions": null, "score": null}, {"designers": [2, 3], "num_inputs": [2, 1], "num_outputs": [2, 1], "coupling": [[-0.6127030497698295, 0.21812273945849292, -0.7596166423492001], [-0.4815614166331685, -0.8651587724110812, 0.1399960732678141], [-0.6266526747832539, 0.4515780874348016, 0.6351249138049304]], "target": [-0.903932479176563, 0.42632569270087906, 0.03394814918118769], "inputs": [2, 2, 3], "outputs": [2, 2, 3], "time_start": null, "time_complete": null, "actions": null, "score": null}], "max_time": 540000}], "rounds": [{"name": "Flat Sleep (Individual)", "assignments": [[0], [1], [2], [3]], "tasks": [{"designers": [0], "num_inputs": [2], "num_outputs": [2], "coupling": [[-0.7330798450339732, -0.6801425885834276], [-0.6801425885834276, 0.7330798450339733]], "target": [0.023998552736903322, 0.9997119932593257], "inputs": [0, 0], "outputs": [0, 0], "time_start": null, "time_complete": null, "actions": null, "score": null}, {"designers": [1], "num_inputs": [2], "num_outputs": [2], "coupling": [[-0.5060942251446937, -0.8624781940867791], [-0.8624781940867793, 0.5060942251446938]], "target": [-0.2474143942845215, -0.9689097571501815], "inputs": [1, 1], "outputs": [1, 1], "time_start": null, "time_complete": null, "actions": null, "score": null}, {"designers": [2], "num_inputs": [2], "num_outputs": [2], "coupling": [[-0.848785881559239, -0.5287367277442578], [-0.5287367277442578, 0.8487858815592391]], "target": [-0.1972441103433067, 0.9803544057813367], "inputs": [2, 2], "outputs": [2, 2], "time_start": null, "time_complete": null, "actions": null, "score": null}, {"designers": [3], "num_inputs": [2], "num_outputs": [2], "coupling": [[-0.8939521356319354, -0.44816244733255134], [-0.4481624473325513, 0.8939521356319353]], "target": [0.4806230553014059, 0.8769272938577872], "inputs": [3, 3], "outputs": [3, 3], "time_start": null, "time_complete": null, "actions": null, "score": null}], "max_time": 120000}, {"name": "Economic Motion (Individual)", "assignments": [[0], [1], [2], [3]], "tasks": [{"designers": [0], "num_inputs": [2], "num_outputs": [2], "coupling": [[-0.49149277126578483, -0.8708816542983776], [-0.8708816542983774, 0.4914927712657851]], "target": [0.6612551758307372, 0.7501610443345221], "inputs": [0, 0], "outputs": [0, 0], "time_start": null, "time_complete": null, "actions": null, "score": null}, {"designers": [1], "num_inputs": [2], "num_outputs": [2], "coupling": [[0.7321859271709997, 0.6811048142927366], [0.6811048142927367, -0.7321859271709998]], "target": [-0.13010577511275834, 0.991500119658242], "inputs": [1, 1], "outputs": [1, 1], "time_start": null, "time_complete": null, "actions": null, "score": null}, {"designers": [2], "num_inputs": [2], "num_outputs": [2], "coupling": [[-0.8221846479060212, -0.5692208751861194], [-0.5692208751861194, 0.8221846479060212]], "target": [-0.996024303064649, 0.08908191569886874], "inputs": [2, 2], "outputs": [2, 2], "time_start": null, "time_complete": null, "actions": null, "score": null}, {"designers": [3], "num_inputs": [2], "num_outputs": [2], "coupling": [[-0.5876177391548836, -0.8091386733005062], [-0.8091386733005063, 0.5876177391548836]], "target": [-0.2496475911828666, -0.9683367597156437], "inputs": [3, 3], "outputs": [3, 3], "time_start": null, "time_complete": null, "actions": null, "score": null}], "max_time": 120000}, {"name": "Unwritten Experience (Individual)", "assignments": [[0], [1], [2], [3]], "tasks": [{"designers": [0], "num_inputs": [3], "num_outputs": [3], "coupling": [[-0.7181584065543487, 0.664628957465995, -0.20619614931657465], [-0.3822772875173233, -0.6243945813379917, -0.6811721384820074], [-0.5814744865802076, -0.41036539290419927, 0.7024867726604294]], "target": [0.8828799980251862, 0.45708980460149556, 0.10766531296761134], "inputs": [0, 0, 0], "outputs": [0, 0, 0], "time_start": null, "time_complete": null, "actions": null, "score": null}, {"designers": [1], "num_inputs": [3], "num_outputs": [3], "coupling": [[-0.39737840483175635, 0.8401139812573037, -0.36918681161353994], [-0.579269477047405, -0.541676628340688, -0.6091250309014483], [-0.7117143221367652, -0.02819448182653785, 0.701902981087798]], "target": [0.6926924642122267, 0.6029340951928361, 0.39578735057804615], "inputs": [1, 1, 1], "outputs": [1, 1, 1], "time_start": null, "time_complete": null, "actions": null, "score": null}, {"designers": [2], "num_inputs": [3], "num_outputs": [3], "coupling": [[-0.3341799505969015, 0.28028748293299555, -0.8998681500809651], [-0.45437740032385554, -0.8843927218610741, -0.10672718301396242], [-0.8257511360537071, 0.37321366592107336, 0.4229026139382044]], "target": [0.4676074430690693, -0.6280669460482562, -0.6219929183423428], "inputs": [2, 2, 2], "outputs": [2, 2, 2], "time_start": null, "time_complete": null, "actions": null, "score": null}, {"designers": [3], "num_inputs": [3], "num_outputs": [3], "coupling": [[-0.7421248811937093, 0.6172314537071912, -0.2612967532667244], [-0.6147573978051825, -0.7821488001814988, -0.10157064644100414], [-0.26706553981564973, 0.0852560081703959, 0.9598996877350388]], "target": [-0.7244517408004312, 0.058208167223918486, 0.686863512293132], "inputs": [3, 3, 3], "outputs": [3, 3, 3], "time_start": null, "time_complete": null, "actions": null, "score": null}], "max_time": 240000}, {"name": "Noiseless Stone (Individual)", "assignments": [[0], [1], [2], [3]], "tasks": [{"designers": [0], "num_inputs": [3], "num_outputs": [3], "coupling": [[-0.5025285015742831, -0.06894467316662128, -0.8618072505772121], [-0.7361933631880896, -0.48852307947426254, 0.468363675810574], [-0.4533039125171043, 0.8698228744192297, 0.19474016030021718]], "target": [0.6172673387247785, 0.5765380692496412, -0.535336237564323], "inputs": [0, 0, 0], "outputs": [0, 0, 0], "time_start": null, "time_complete": null, "actions": null, "score": null}, {"designers": [1], "num_inputs": [3], "num_outputs": [3], "coupling": [[-0.7840089548557706, 0.6171724746289795, 0.06654393485738481], [-0.4773240919803366, -0.5308543977190969, -0.7002537537474839], [-0.3968522016079908, -0.5807682368919953, 0.7107858925838736]], "target": [0.20768403577656058, -0.9774788976022937, 0.03744791083311493], "inputs": [1, 1, 1], "outputs": [1, 1, 1], "time_start": null, "time_complete": null, "actions": null, "score": null}, {"designers": [2], "num_inputs": [3], "num_outputs": [3], "coupling": [[-0.6588184590519196, 0.6745496610497944, -0.33307805810359625], [-0.3257604022871185, -0.6548798523415752, -0.6819182790472852], [-0.6781138535041071, -0.3407567076004296, 0.6511885041300454]], "target": [0.438767565887068, 0.804712736760143, 0.3999005306592354], "inputs": [2, 2, 2], "outputs": [2, 2, 2], "time_start": null, "time_complete": null, "actions": null, "score": null}, {"designers": [3], "num_inputs": [3], "num_outputs": [3], "coupling": [[-0.733701419147616, 0.46770708373091124, -0.4928816403242275], [-0.38945404778960657, -0.8838814197055438, -0.25899648754298465], [-0.5567834158818541, 0.001928659440915583, 0.8306554689350424]], "target": [0.9448227619119507, -0.268318228625676, 0.18792359287820412], "inputs": [3, 3, 3], "outputs": [3, 3, 3], "time_start": null, "time_complete": null, "actions": null, "score": null}], "max_time": 240000}, {"name": "Staking System (Pair)", "assignments": [[0, 1], [2, 3]], "tasks": [{"designers": [0, 1], "num_inputs": [1, 1], "num_outputs": [1, 1], "coupling": [[-0.9839134457647021, -0.1786458262692702], [-0.1786458262692702, 0.9839134457647022]], "target": [0.7757803290578258, -0.6310030753070317], "inputs": [0, 1], "outputs": [0, 1], "time_start": null, "time_complete": null, "actions": null, "score": null}, {"designers": [2, 3], "num_inputs": [1, 1], "num_outputs": [1, 1], "coupling": [[-0.9365607134652875, -0.35050539224581434], [-0.35050539224581445, 0.9365607134652874]], "target": [0.9583394042771414, -0.285631906848191], "inputs": [2, 3], "outputs": [2, 3], "time_start": null, "time_complete": null, "actions": null, "score": null}], "max_time": 180000}, {"name": "Towering Test (Pair)", "assignments": [[0, 1], [2, 3]], "tasks": [{"designers": [0, 1], "num_inputs": [1, 1], "num_outputs": [1, 1], "coupling": [[-0.39547923310713906, -0.9184749186455715], [-0.9184749186455714, 0.3954792331071394]], "target": [0.7929739619592739, 0.6092555257481149], "inputs": [0, 1], "outputs": [0, 1], "time_start": null, "time_complete": null, "actions": null, "score": null}, {"designers": [2, 3], "num_inputs": [1, 1], "num_outputs": [1, 1], "coupling": [[-0.9690658835870325, -0.24680217435769122], [-0.2468021743576912, 0.9690658835870325]], "target": [0.8380097003381064, -0.5456553327323362], "inputs": [2, 3], "outputs": [2, 3], "time_start": null, "time_complete": null, "actions": null, "score": null}], "max_time": 180000}, {"name": "Thinkable Ink (Pair)", "assignments": [[0, 1], [2, 3]], "tasks": [{"designers": [0, 1], "num_inputs": [1, 1], "num_outputs": [1, 1], "coupling": [[-0.7441752544371484, -0.6679844239826294], [-0.6679844239826295, 0.7441752544371487]], "target": [-0.9481714213799823, -0.31775927315857205], "inputs": [0, 1], "outputs": [0, 1], "time_start": null, "time_complete": null, "actions": null, "score": null}, {"designers": [2, 3], "num_inputs": [1, 1], "num_outputs": [1, 1], "coupling": [[-0.7357439645167311, -0.677259786697249], [-0.6772597866972488, 0.7357439645167311]], "target": [-0.2337068476079993, 0.9723071065158021], "inputs": [2, 3], "outputs": [2, 3], "time_start": null, "time_complete": null, "actions": null, "score": null}], "max_time": 180000}, {"name": "Better Behavior (Pair)", "assignments": [[0, 1], [2, 3]], "tasks": [{"designers": [0, 1], "num_inputs": [2, 1], "num_outputs": [2, 1], "coupling": [[-0.6508011145933281, 0.750034683127441, 0.11792320954757371], [-0.4010514518835561, -0.20771605225374287, -0.8921949196101778], [-0.6446825902614195, -0.6279347225166317, 0.43598433695694516]], "target": [-0.2567220473086236, 0.6258329665644597, 0.7364963600635085], "inputs": [0, 0, 1], "outputs": [0, 0, 1], "time_start": null, "time_complete": null, "actions": null, "score": null}, {"designers": [2, 3], "num_inputs": [2, 1], "num_outputs": [2, 1], "coupling": [[-0.3467686774997588, 0.266380176765434, -0.899329242119639], [-0.4521725575016942, -0.8875257467675763, -0.08853263278042336], [-0.8217611955717092, 0.37595165946045833, 0.42821593524935825]], "target": [-0.8798596288902885, -0.38671407680363146, 0.276223200059225], "inputs": [2, 2, 3], "outputs": [2, 2, 3], "time_start": null, "time_complete": null, "actions": null, "score": null}], "max_time": 360000}, {"name": "Hallowed Sign (Pair)", "assignments": [[1, 0], [3, 2]], "tasks": [{"designers": [1, 0], "num_inputs": [2, 1], "num_outputs": [2, 1], "coupling": [[-0.5487913877358771, -0.6787808756373139, -0.4879390695732113], [-0.5803998704480573, -0.11069492972418221, 0.8067729686332062], [-0.6016344431054524, 0.7259498298108481, -0.3332159081838567]], "target": [-0.8461241755657496, 0.2843301224867775, -0.45081067086952903], "inputs": [1, 1, 0], "outputs": [1, 1, 0], "time_start": null, "time_complete": null, "actions": null, "score": null}, {"designers": [3, 2], "num_inputs": [2, 1], "num_outputs": [2, 1], "coupling": [[-0.32638687838144276, 0.2463537423795478, -0.9125685942634718], [-0.5309382143925007, -0.8465294875976146, -0.03863209967660718], [-0.7820333868308438, 0.4719085295301539, 0.40709473300273474]], "target": [0.6550915966167556, 0.655301554815928, 0.37607827948172895], "inputs": [3, 3, 2], "outputs": [3, 3, 2], "time_start": null, "time_complete": null, "actions": null, "score": null}], "max_time": 360000}, {"name": "Absorbed Copper (Pair)", "assignments": [[1, 0], [3, 2]], "tasks": [{"designers": [1, 0], "num_inputs": [2, 1], "num_outputs": [2, 1], "coupling": [[-0.7270021975940715, -0.43835457370981246, -0.5285007780515364], [-0.45020909599569964, -0.27683956384617076, 0.8489238044560875], [-0.5184395573026092, 0.8551053289491015, 0.003911754941675359]], "target": [0.875278048433334, 0.0964540276902601, -0.4739039549033756], "inputs": [1, 1, 0], "outputs": [1, 1, 0], "time_start": null, "time_complete": null, "actions": null, "score": null}, {"designers": [3, 2], "num_inputs": [2, 1], "num_outputs": [2, 1], "coupling": [[-0.48635272342384067, 0.645145364230535, 0.5892779373352299], [-0.7173322514564063, 0.09026173865134418, -0.6908597973222346], [-0.49889424674844224, -0.7587096134539789, 0.4188845342261012]], "target": [0.5553616555739955, 0.7623620565432775, -0.3322311337927493], "inputs": [3, 3, 2], "outputs": [3, 3, 2], "time_start": null, "time_complete": null, "actions": null, "score": null}], "max_time": 360000}]}