{"name": "experiment008", "num_designers": 4, "error_tol": 0.05, "training": [{"name": "Training Task 1/5 (Individual)", "assignments": [[0], [1], [2], [3]], "tasks": [{"designers": [0], "num_inputs": [1], "num_outputs": [1], "coupling": [[1.0]], "target": [-1.0], "inputs": [0], "outputs": [0], "time_start": null, "time_complete": null, "actions": null}, {"designers": [1], "num_inputs": [1], "num_outputs": [1], "coupling": [[1.0]], "target": [-1.0], "inputs": [1], "outputs": [1], "time_start": null, "time_complete": null, "actions": null}, {"designers": [2], "num_inputs": [1], "num_outputs": [1], "coupling": [[1.0]], "target": [-1.0], "inputs": [2], "outputs": [2], "time_start": null, "time_complete": null, "actions": null}, {"designers": [3], "num_inputs": [1], "num_outputs": [1], "coupling": [[1.0]], "target": [1.0], "inputs": [3], "outputs": [3], "time_start": null, "time_complete": null, "actions": null}]}, {"name": "Training Task 2/5 (Individual)", "assignments": [[0], [1], [2], [3]], "tasks": [{"designers": [0], "num_inputs": [2], "num_outputs": [2], "coupling": [[-0.8459610913215452, -0.5332446267615455], [-0.5332446267615454, 0.8459610913215455]], "target": [0.7907630807196961, -0.6121223326841585], "inputs": [0, 0], "outputs": [0, 0], "time_start": null, "time_complete": null, "actions": null}, {"designers": [1], "num_inputs": [2], "num_outputs": [2], "coupling": [[-0.777984749637715, -0.6282831601524446], [-0.6282831601524447, 0.777984749637715]], "target": [-0.9351701941497124, -0.354198684319958], "inputs": [1, 1], "outputs": [1, 1], "time_start": null, "time_complete": null, "actions": null}, {"designers": [2], "num_inputs": [2], "num_outputs": [2], "coupling": [[-0.7199662758623202, -0.6940090501001709], [-0.6940090501001709, 0.7199662758623202]], "target": [-0.9823465985143633, 0.18706993448242945], "inputs": [2, 2], "outputs": [2, 2], "time_start": null, "time_complete": null, "actions": null}, {"designers": [3], "num_inputs": [2], "num_outputs": [2], "coupling": [[-0.9298821096018058, -0.36785766573838824], [-0.36785766573838824, 0.9298821096018056]], "target": [-0.9924615808730175, -0.12255615239974846], "inputs": [3, 3], "outputs": [3, 3], "time_start": null, "time_complete": null, "actions": null}]}, {"name": "Training Task 3/5 (Pair)", "assignments": [[0, 1], [2, 3]], "tasks": [{"designers": [0, 1], "num_inputs": [1, 1], "num_outputs": [1, 1], "coupling": [[-0.42851648039654605, -0.9035339650663701], [-0.9035339650663702, 0.42851648039654605]], "target": [0.44000930648355996, -0.8979932127849608], "inputs": [0, 1], "outputs": [0, 1], "time_start": null, "time_complete": null, "actions": null}, {"designers": [2, 3], "num_inputs": [1, 1], "num_outputs": [1, 1], "coupling": [[-0.9991149420170621, -0.04206343588252263], [-0.0420634358825227, 0.999114942017062]], "target": [0.23756800972509562, 0.9713709079209942], "inputs": [2, 3], "outputs": [2, 3], "time_start": null, "time_complete": null, "actions": null}]}, {"name": "Training Task 4/5 (Pair)", "assignments": [[0, 1], [2, 3]], "tasks": [{"designers": [0, 1], "num_inputs": [2, 1], "num_outputs": [2, 1], "coupling": [[-0.6800293087276637, 0.5969913332772429, 0.42563069351638144], [-0.5294208739601979, 0.0017843754063986022, -0.848357444842461], [-0.5072215270338947, -0.8022457005159137, 0.3148462458361778]], "target": [-0.2792419691273238, -0.9338402006691697, 0.2235316583664604], "inputs": [0, 0, 1], "outputs": [0, 0, 1], "time_start": null, "time_complete": null, "actions": null}, {"designers": [2, 3], "num_inputs": [2, 1], "num_outputs": [2, 1], "coupling": [[-0.41162679537668795, 0.5831684167355393, -0.7003413303883206], [-0.7170913622044337, -0.6815121203141156, -0.14601783492693002], [-0.5624440946260421, 0.4421038651574118, 0.6987136844467619]], "target": [0.42960202606721953, 0.5800094282708061, -0.6921207714813307], "inputs": [2, 2, 3], "outputs": [2, 2, 3], "time_start": null, "time_complete": null, "actions": null}]}, {"name": "Training Task 5/5 (Pair)", "assignments": [[1, 0], [3, 2]], "tasks": [{"designers": [1, 0], "num_inputs": [2, 1], "num_outputs": [2, 1], "coupling": [[-0.6551939552596556, 0.7533166940145769, -0.056875649536134686], [-0.5813668976862318, -0.5508517936429425, -0.59881118202238], [-0.48242451354164756, -0.35927184687824054, 0.7988681548132974]], "target": [-0.9781529864088405, -0.10533443057111672, 0.17922442053393667], "inputs": [1, 1, 0], "outputs": [1, 1, 0], "time_start": null, "time_complete": null, "actions": null}, {"designers": [3, 2], "num_inputs": [2, 1], "num_outputs": [2, 1], "coupling": [[-0.4916022849551136, 0.8670293048387461, -0.08116266369305893], [-0.8417039500524689, -0.4969964094245201, -0.21101902635830233], [-0.2232972321659679, -0.03542250089951672, 0.9741065611815999]], "target": [0.6804984801518816, -0.547839701725944, -0.48661430283522084], "inputs": [3, 3, 2], "outputs": [3, 3, 2], "time_start": null, "time_complete": null, "actions": null}]}], "rounds": [{"name": "Chemical Rhythm (Pair)", "assignments": [[0, 1], [2, 3]], "tasks": [{"designers": [0, 1], "num_inputs": [2, 2], "num_outputs": [2, 2], "coupling": [[-0.4531206135150371, 0.6253100012081921, -0.2893402184293927, -0.5656424223800756], [-0.6079526719674663, -0.5749528546996827, -0.5332884989999933, 0.12420201429380624], [-0.506866164548557, 0.40461651040664504, 0.30411316066685884, 0.6977731409644531], [-0.4100755412009005, -0.3386769799795177, 0.734439105946013, -0.42158647202912436]], "target": [-0.47596877803327664, 0.4262337055619877, -0.7669720376448578, 0.059434367594017094], "inputs": [0, 0, 1, 1], "outputs": [0, 0, 1, 1], "time_start": null, "time_complete": null, "actions": null}, {"designers": [2, 3], "num_inputs": [2, 2], "num_outputs": [2, 2], "coupling": [[-0.41809191496969716, 0.2707947036909031, -0.47409345807621384, 0.7260198152249461], [-0.5479073076284776, 0.5599272565210436, -0.1282759877822499, -0.6081318283157183], [-0.3960635370590665, -0.757688713101233, -0.4575732846017157, -0.24427070612346571], [-0.6067375111994855, -0.19763478918644695, 0.7412201786153846, 0.20833321727477874]], "target": [0.6272569555609655, 0.03828628056602738, -0.4610334688571888, -0.6265229548981551], "inputs": [2, 2, 3, 3], "outputs": [2, 2, 3, 3], "time_start": null, "time_complete": null, "actions": null}]}, {"name": "Arrogant Flame (Individual)", "assignments": [[0], [1], [2], [3]], "tasks": [{"designers": [0], "num_inputs": [4], "num_outputs": [4], "coupling": [[-0.5354239694372418, -0.04991519844004164, 0.35408007813379666, 0.765151582489067], [-0.605015321594002, -0.6137755697812112, 0.08065453649080993, -0.5007303229480997], [-0.469510841320385, 0.7832925844603265, 0.18496685246704736, -0.3630420919129349], [-0.3561421113420854, 0.0850925968219487, -0.9131864034799525, 0.17892076177528526]], "target": [-0.588701460709145, 0.4295839632979014, -0.6454081714255736, 0.22877172223263026], "inputs": [0, 0, 0, 0], "outputs": [0, 0, 0, 0], "time_start": null, "time_complete": null, "actions": null}, {"designers": [1], "num_inputs": [4], "num_outputs": [4], "coupling": [[-0.4391684596665011, 0.6868932973375776, 0.569846115605221, -0.10287889305637361], [-0.5390573014502179, -0.7142217109239996, 0.4164376690757098, -0.16088580165071845], [-0.47502832890564356, 0.12763848276740494, -0.6286934038391676, -0.6023297339689189], [-0.5393481032918113, 0.04211132192583251, -0.3264960585880823, 0.7750681155663884]], "target": [-0.253900189688647, -0.07031403241628231, -0.3993622804165754, -0.8781232256932417], "inputs": [1, 1, 1, 1], "outputs": [1, 1, 1, 1], "time_start": null, "time_complete": null, "actions": null}, {"designers": [2], "num_inputs": [4], "num_outputs": [4], "coupling": [[-0.4657863288858149, 0.20143584639612253, -0.698320360634644, -0.5047924024119761], [-0.37323487580030507, -0.2662668374490758, 0.6272428582918116, -0.629574535288013], [-0.5295647739615837, -0.7035416418333647, -0.1696014897288418, 0.4425219125277177], [-0.6027437046443734, 0.6273394051611617, 0.3002505709016663, 0.39114561472275317]], "target": [0.0031623605070367766, 0.689775022434715, -0.2444782280569586, 0.6814916095648879], "inputs": [2, 2, 2, 2], "outputs": [2, 2, 2, 2], "time_start": null, "time_complete": null, "actions": null}, {"designers": [3], "num_inputs": [4], "num_outputs": [4], "coupling": [[-0.4754135449499073, 0.01283139062784118, 0.6512331640694714, -0.5913651010237106], [-0.5863015921590464, -0.14728300896077326, 0.2589607437691962, 0.7533242937073872], [-0.4171090067938527, -0.6796123564197231, -0.538465748160593, -0.27239999910229423], [-0.5062138685984178, 0.7185193913094122, -0.4678561074309307, -0.09267182036926529]], "target": [-0.5726133694915803, -0.8052205727097612, -0.032128703802979275, 0.15067018535995622], "inputs": [3, 3, 3, 3], "outputs": [3, 3, 3, 3], "time_start": null, "time_complete": null, "actions": null}]}, {"name": "Noiseless Stone (Individual)", "assignments": [[0], [1], [2], [3]], "tasks": [{"designers": [0], "num_inputs": [3], "num_outputs": [3], "coupling": [[-0.5984680705391281, 0.5727814014947925, 0.560140549011437], [-0.7474691474792763, -0.147590301487342, -0.647693582238916], [-0.28831552527010584, -0.806311707101253, 0.5164645088287154]], "target": [-0.9678786473803795, 0.09023826753348285, 0.23466567498823152], "inputs": [0, 0, 0], "outputs": [0, 0, 0], "time_start": null, "time_complete": null, "actions": null}, {"designers": [1], "num_inputs": [3], "num_outputs": [3], "coupling": [[-0.8031290249293708, 0.5957162920211586, -0.010289253450072507], [-0.4423754205594591, -0.6077892515841996, -0.6594666124555209], [-0.39910870273753685, -0.525085064612659, 0.7516634342043519]], "target": [0.4331531123714176, 0.5478688324609811, -0.7156941551115221], "inputs": [1, 1, 1], "outputs": [1, 1, 1], "time_start": null, "time_complete": null, "actions": null}, {"designers": [2], "num_inputs": [3], "num_outputs": [3], "coupling": [[-0.7327245285009889, -0.3534053194281153, -0.5815663724227147], [-0.4738694768050652, -0.3483925510723873, 0.808746158760441], [-0.4884285866792581, 0.8681747004821014, 0.08780777390024368]], "target": [0.4162714347102232, 0.655731060232279, -0.629868930247352], "inputs": [2, 2, 2], "outputs": [2, 2, 2], "time_start": null, "time_complete": null, "actions": null}, {"designers": [3], "num_inputs": [3], "num_outputs": [3], "coupling": [[-0.8628816813031475, -0.4647926515180682, -0.1985018769842148], [-0.190085770567995, -0.06546451977350444, 0.9795824602749867], [-0.4682975591427144, 0.8829961425428923, -0.03186233443028912]], "target": [-0.24001051650940597, -0.756848557800186, -0.6079269795959599], "inputs": [3, 3, 3], "outputs": [3, 3, 3], "time_start": null, "time_complete": null, "actions": null}]}, {"name": "Flat Sleep (Individual)", "assignments": [[0], [1], [2], [3]], "tasks": [{"designers": [0], "num_inputs": [2], "num_outputs": [2], "coupling": [[-0.6765310640654603, -0.736414095027014], [-0.7364140950270142, 0.6765310640654603]], "target": [0.9967725827557015, 0.08027713414496318], "inputs": [0, 0], "outputs": [0, 0], "time_start": null, "time_complete": null, "actions": null}, {"designers": [1], "num_inputs": [2], "num_outputs": [2], "coupling": [[-0.6368077246885483, -0.771022646734189], [-0.771022646734189, 0.6368077246885483]], "target": [-0.26451892071421224, -0.964380495750608], "inputs": [1, 1], "outputs": [1, 1], "time_start": null, "time_complete": null, "actions": null}, {"designers": [2], "num_inputs": [2], "num_outputs": [2], "coupling": [[-0.8867505418672601, -0.46224828447288013], [-0.46224828447288013, 0.88675054186726]], "target": [0.6720720116525511, -0.7404857940253096], "inputs": [2, 2], "outputs": [2, 2], "time_start": null, "time_complete": null, "actions": null}, {"designers": [3], "num_inputs": [2], "num_outputs": [2], "coupling": [[-0.8853558577785201, -0.4649139760184252], [-0.4649139760184253, 0.8853558577785201]], "target": [0.7445460996700675, -0.667571049002344], "inputs": [3, 3], "outputs": [3, 3], "time_start": null, "time_complete": null, "actions": null}]}, {"name": "Impolite Heat (Individual)", "assignments": [[0], [1], [2], [3]], "tasks": [{"designers": [0], "num_inputs": [4], "num_outputs": [4], "coupling": [[-0.3331700957449987, -0.6049179547470493, 0.2783076458174795, -0.6675453614590158], [-0.4586982305244943, -0.3897242122125753, -0.7520566671896282, 0.26855491256838687], [-0.49122205355599086, 0.6916878574835083, -0.22923680534355256, -0.47719942265890447], [-0.6612824772479623, 0.06129611936989607, 0.5517301067469885, 0.5045217144424474]], "target": [0.1672186630787762, 0.568447147090505, -0.7262915288257242, -0.34843417576179997], "inputs": [0, 0, 0, 0], "outputs": [0, 0, 0, 0], "time_start": null, "time_complete": null, "actions": null}, {"designers": [1], "num_inputs": [4], "num_outputs": [4], "coupling": [[-0.5228347229828983, 0.6376861779650235, 0.542042602561369, 0.16183327187032362], [-0.5278547087560725, -0.40404659377662977, 0.18248190308548634, -0.724441931108246], [-0.46338596563652645, 0.330930992465786, -0.820298429137679, -0.053559427097106094], [-0.4829976249822994, -0.5662043506680905, 0.0008119169003312799, 0.6679260949663004]], "target": [0.4362487469558025, 0.7952144132864382, 0.18453168348897844, -0.3785090824137805], "inputs": [1, 1, 1, 1], "outputs": [1, 1, 1, 1], "time_start": null, "time_complete": null, "actions": null}, {"designers": [2], "num_inputs": [4], "num_outputs": [4], "coupling": [[-0.48049167075228455, 0.12299510840783542, -0.7727117529519374, -0.3961268792891576], [-0.6303776115630823, 0.3111900060924145, 0.6200654072233417, -0.348286861241101], [-0.5273314440337434, -0.7858854426482215, 0.038426260325584306, 0.320669676901771], [-0.3060610548746575, 0.5200163982506286, -0.13022618835044764, 0.7867342093154263]], "target": [0.8229302694703362, 0.20293216008751705, -0.5296181653771315, 0.033300283696322486], "inputs": [2, 2, 2, 2], "outputs": [2, 2, 2, 2], "time_start": null, "time_complete": null, "actions": null}, {"designers": [3], "num_inputs": [4], "num_outputs": [4], "coupling": [[-0.49731210919299457, -0.49806544568659095, 0.3208116802774837, -0.6337912461217575], [-0.5847265106000912, 0.6197311541927956, -0.4551478846768771, -0.2585896506020136], [-0.45162321506663966, 0.2851208372305219, 0.6946238794519122, 0.4819131103062183], [-0.45476592381611924, -0.5353225350317782, -0.4554315919727983, 0.5469915932223685]], "target": [-0.23994004534236124, -0.6182244685097285, -0.3577555443564116, 0.6574482882016024], "inputs": [3, 3, 3, 3], "outputs": [3, 3, 3, 3], "time_start": null, "time_complete": null, "actions": null}]}, {"name": "Husky Verse (Pair)", "assignments": [[0, 1], [2, 3]], "tasks": [{"designers": [0, 1], "num_inputs": [2, 2], "num_outputs": [2, 2], "coupling": [[-0.7083321392984152, 0.6761611143108978, 0.031089581199776405, 0.20026274209547337], [-0.1422030412806407, -0.4133686902754469, -0.03788540659786359, 0.8985929650945484], [-0.49320892978311487, -0.4695006984198016, 0.6826100718112708, -0.26524994934462226], [-0.4845501285415797, -0.38923202280532515, -0.7291375890526756, -0.28647509766760626]], "target": [-0.5919857384583254, 0.4657100779363515, 0.5779632555959466, -0.31404694545784523], "inputs": [0, 0, 1, 1], "outputs": [0, 0, 1, 1], "time_start": null, "time_complete": null, "actions": null}, {"designers": [2, 3], "num_inputs": [2, 2], "num_outputs": [2, 2], "coupling": [[-0.5580339130607286, -0.07686401600712178, -0.6507502403679006, 0.5091308275664596], [-0.5835902434296475, -0.6714231723153119, 0.3664774728860603, -0.2725942283299759], [-0.5573278610727589, 0.7012937705954071, 0.44065864260550575, 0.058246573231509], [-0.19340691538805038, 0.2268697733180351, -0.4980344839719831, -0.8143006347839004]], "target": [0.4965895383226877, -0.49403734052771325, -0.7136036484641071, 0.009786188812785349], "inputs": [2, 2, 3, 3], "outputs": [2, 2, 3, 3], "time_start": null, "time_complete": null, "actions": null}]}, {"name": "Chief Government (Pair)", "assignments": [[0, 1], [2, 3]], "tasks": [{"designers": [0, 1], "num_inputs": [2, 2], "num_outputs": [2, 2], "coupling": [[-0.4869701025952937, -0.23272847447639117, -0.5036766978751587, 0.674542334004173], [-0.5896730818163922, -0.4447216219444955, -0.11422173825642346, -0.6644258649886362], [-0.4024919242740956, -0.1348394375548528, 0.8540700795003514, 0.30063744988988017], [-0.5031361909598874, 0.8543292469667891, -0.06186661320551401, -0.11466487384554745]], "target": [0.26330179640440843, -0.3787010466100312, 0.5129253773347392, -0.7239925680507319], "inputs": [0, 0, 1, 1], "outputs": [0, 0, 1, 1], "time_start": null, "time_complete": null, "actions": null}, {"designers": [2, 3], "num_inputs": [2, 2], "num_outputs": [2, 2], "coupling": [[-0.48362541632902817, -0.10746937909989086, 0.8680100884822407, 0.033395741188223964], [-0.688494894389784, 0.5332980309999171, -0.3026788691412655, -0.38723828930798715], [-0.20497380697588066, 0.33697395001196023, -0.10759490184755362, 0.9126103399389943], [-0.5000669710484671, -0.7684348376413139, -0.37863877979524624, 0.12678169899771077]], "target": [0.6454529791723354, 0.49851628071151094, -0.4184911857818803, -0.39967123610036603], "inputs": [2, 2, 3, 3], "outputs": [2, 2, 3, 3], "time_start": null, "time_complete": null, "actions": null}]}, {"name": "Thinkable Ink (Pair)", "assignments": [[0, 1], [2, 3]], "tasks": [{"designers": [0, 1], "num_inputs": [1, 1], "num_outputs": [1, 1], "coupling": [[-0.9860233588105473, -0.16660713033950858], [-0.16660713033950858, 0.9860233588105475]], "target": [-0.5126550249708564, 0.8585946804937302], "inputs": [0, 1], "outputs": [0, 1], "time_start": null, "time_complete": null, "actions": null}, {"designers": [2, 3], "num_inputs": [1, 1], "num_outputs": [1, 1], "coupling": [[-0.7551040001682692, -0.6556050250950486], [-0.6556050250950487, 0.755104000168269]], "target": [0.8780282777614445, 0.47860875822666676], "inputs": [2, 3], "outputs": [2, 3], "time_start": null, "time_complete": null, "actions": null}]}, {"name": "Better Behavior (Pair)", "assignments": [[0, 1], [2, 3]], "tasks": [{"designers": [0, 1], "num_inputs": [2, 1], "num_outputs": [2, 1], "coupling": [[-0.48141990288268693, 0.8684251039257613, -0.1186284787896902], [-0.41162873242419806, -0.3435011872198059, -0.844137856645129], [-0.7738195291870535, -0.3575538746120866, 0.5228370329257597]], "target": [-0.6028190579728703, 0.6771173126309932, 0.4220442255025921], "inputs": [0, 0, 1], "outputs": [0, 0, 1], "time_start": null, "time_complete": null, "actions": null}, {"designers": [2, 3], "num_inputs": [2, 1], "num_outputs": [2, 1], "coupling": [[-0.4315314739795732, 0.8963732487483123, -0.10146716657822129], [-0.06250793476771636, -0.1419205747503032, -0.9879024792729385], [-0.8999296333914618, -0.4199685099991899, 0.11727363537031191]], "target": [0.6250711598960728, -0.7539642096603231, 0.20204953753340515], "inputs": [2, 2, 3], "outputs": [2, 2, 3], "time_start": null, "time_complete": null, "actions": null}]}, {"name": "Towering Test (Pair)", "assignments": [[0, 1], [2, 3]], "tasks": [{"designers": [0, 1], "num_inputs": [1, 1], "num_outputs": [1, 1], "coupling": [[-0.5502515861681927, -0.8349989173162964], [-0.8349989173162965, 0.5502515861681929]], "target": [0.6645467864638623, -0.7472466584739966], "inputs": [0, 1], "outputs": [0, 1], "time_start": null, "time_complete": null, "actions": null}, {"designers": [2, 3], "num_inputs": [1, 1], "num_outputs": [1, 1], "coupling": [[-0.5925974669567547, -0.8054987536653534], [-0.8054987536653536, 0.5925974669567547]], "target": [-0.9651587851858767, 0.2616648990188077], "inputs": [2, 3], "outputs": [2, 3], "time_start": null, "time_complete": null, "actions": null}]}, {"name": "Absorbed Copper (Pair)", "assignments": [[1, 0], [3, 2]], "tasks": [{"designers": [1, 0], "num_inputs": [2, 1], "num_outputs": [2, 1], "coupling": [[-0.3723971420340911, -0.06928292335174409, -0.9254837897752058], [-0.7483410571210577, -0.5673879248095876, 0.3435936626412202], [-0.548913500318383, 0.8205308155773962, 0.15944638552226267]], "target": [-0.7266403777012358, -0.6845008529188269, 0.05875664939054671], "inputs": [1, 1, 0], "outputs": [1, 1, 0], "time_start": null, "time_complete": null, "actions": null}, {"designers": [3, 2], "num_inputs": [2, 1], "num_outputs": [2, 1], "coupling": [[-0.22972819847502954, -0.4568128751785858, -0.8593875446482172], [-0.6502132876281981, -0.5849957519595381, 0.4847707198057909], [-0.724187569223021, 0.6701507048868697, -0.16263578118754804]], "target": [-0.671880243180998, -0.5057664460314409, -0.541088939908929], "inputs": [3, 3, 2], "outputs": [3, 3, 2], "time_start": null, "time_complete": null, "actions": null}]}, {"name": "Economic Motion (Individual)", "assignments": [[0], [1], [2], [3]], "tasks": [{"designers": [0], "num_inputs": [2], "num_outputs": [2], "coupling": [[-0.7486104115221812, -0.6630101445382194], [-0.6630101445382194, 0.7486104115221812]], "target": [-0.9995109500188122, -0.0312707657803784], "inputs": [0, 0], "outputs": [0, 0], "time_start": null, "time_complete": null, "actions": null}, {"designers": [1], "num_inputs": [2], "num_outputs": [2], "coupling": [[-0.5472964561133772, -0.8369388204198308], [-0.8369388204198307, 0.5472964561133774]], "target": [0.3084762254561555, -0.9512320528285005], "inputs": [1, 1], "outputs": [1, 1], "time_start": null, "time_complete": null, "actions": null}, {"designers": [2], "num_inputs": [2], "num_outputs": [2], "coupling": [[-0.6044107267427553, -0.7966728772829503], [-0.7966728772829503, 0.6044107267427553]], "target": [-0.18335209766797833, 0.9830473072445456], "inputs": [2, 2], "outputs": [2, 2], "time_start": null, "time_complete": null, "actions": null}, {"designers": [3], "num_inputs": [2], "num_outputs": [2], "coupling": [[-0.7953260854056389, -0.6061818356511042], [-0.6061818356511042, 0.795326085405639]], "target": [0.9857810579195161, 0.16803483521901008], "inputs": [3, 3], "outputs": [3, 3], "time_start": null, "time_complete": null, "actions": null}]}, {"name": "Staking System (Pair)", "assignments": [[0, 1], [2, 3]], "tasks": [{"designers": [0, 1], "num_inputs": [1, 1], "num_outputs": [1, 1], "coupling": [[-0.4368501140944813, -0.899534311638883], [-0.8995343116388829, 0.43685011409448127]], "target": [0.6832077160853678, 0.7302240866209601], "inputs": [0, 1], "outputs": [0, 1], "time_start": null, "time_complete": null, "actions": null}, {"designers": [2, 3], "num_inputs": [1, 1], "num_outputs": [1, 1], "coupling": [[-0.8514831092623727, -0.524382031195656], [-0.524382031195656, 0.8514831092623728]], "target": [-0.09052843967000546, 0.995893870656364], "inputs": [2, 3], "outputs": [2, 3], "time_start": null, "time_complete": null, "actions": null}]}, {"name": "Unwritten Experience (Individual)", "assignments": [[0], [1], [2], [3]], "tasks": [{"designers": [0], "num_inputs": [3], "num_outputs": [3], "coupling": [[-0.22448476673357412, 0.07550771796804888, -0.9715478238521408], [-0.6685534929209039, -0.7372879009392954, 0.09717395860922058], [-0.7089730718495811, 0.6713457646070207, 0.21599085104786991]], "target": [-0.5629966074727679, 0.2727241802790422, -0.7801643041470679], "inputs": [0, 0, 0], "outputs": [0, 0, 0], "time_start": null, "time_complete": null, "actions": null}, {"designers": [1], "num_inputs": [3], "num_outputs": [3], "coupling": [[-0.7913601688732061, -0.10023775759251519, 0.6030766742909187], [-0.43706421757815883, 0.7825096176127095, -0.4434563879981924], [-0.4274622238675161, -0.61451695688275, -0.6630572802328635]], "target": [-0.03582633906467425, -0.9177854812097198, -0.39545705697315103], "inputs": [1, 1, 1], "outputs": [1, 1, 1], "time_start": null, "time_complete": null, "actions": null}, {"designers": [2], "num_inputs": [3], "num_outputs": [3], "coupling": [[-0.30763290773564855, 0.30479390139617535, -0.9013671126404647], [-0.6411261387718591, -0.7663749197335797, -0.040333070634854265], [-0.7030784225544092, 0.5654822367458131, 0.4311734820966563]], "target": [0.5477408617943158, 0.762486028986486, 0.3443762534223867], "inputs": [2, 2, 2], "outputs": [2, 2, 2], "time_start": null, "time_complete": null, "actions": null}, {"designers": [3], "num_inputs": [3], "num_outputs": [3], "coupling": [[-0.6449545058387899, 0.5260772110098539, -0.5543252235415023], [-0.49772606239171013, -0.8395721341143461, -0.21768646819388254], [-0.5799159009841739, 0.13550424227593952, 0.8033281696236834]], "target": [0.3301717094612928, -0.8958887570089596, -0.2972708820862696], "inputs": [3, 3, 3], "outputs": [3, 3, 3], "time_start": null, "time_complete": null, "actions": null}]}, {"name": "Hallowed Sign (Pair)", "assignments": [[1, 0], [3, 2]], "tasks": [{"designers": [1, 0], "num_inputs": [2, 1], "num_outputs": [2, 1], "coupling": [[-0.5335050066221736, 0.8300272750775037, 0.16256423510873447], [-0.6220631253272931, -0.25483722672799786, -0.7403346918668765], [-0.573070568095339, -0.496097480845243, 0.652286297174706]], "target": [-0.6791903728999487, 0.517555540342609, -0.5204197344650742], "inputs": [1, 1, 0], "outputs": [1, 1, 0], "time_start": null, "time_complete": null, "actions": null}, {"designers": [3, 2], "num_inputs": [2, 1], "num_outputs": [2, 1], "coupling": [[-0.45737428402708874, -0.3968569704091108, -0.7958098449682625], [-0.23708470825501832, -0.8080906888621022, 0.5392404655494674], [-0.857087863303606, 0.43530906676989367, 0.2755111811988466]], "target": [0.7481435893039148, 0.6278942796437513, -0.2145459003898932], "inputs": [3, 3, 2], "outputs": [3, 3, 2], "time_start": null, "time_complete": null, "actions": null}]}]}