{"name": "experiment004", "num_designers": 4, "error_tol": 0.05, "training": [{"name": "Training Task 1/5 (Individual)", "assignments": [[0], [1], [2], [3]], "tasks": [{"designers": [0], "num_inputs": [1], "num_outputs": [1], "coupling": [[1.0]], "target": [1.0], "inputs": [0], "outputs": [0], "time_start": null, "time_complete": null, "actions": null}, {"designers": [1], "num_inputs": [1], "num_outputs": [1], "coupling": [[1.0]], "target": [1.0], "inputs": [1], "outputs": [1], "time_start": null, "time_complete": null, "actions": null}, {"designers": [2], "num_inputs": [1], "num_outputs": [1], "coupling": [[1.0]], "target": [1.0], "inputs": [2], "outputs": [2], "time_start": null, "time_complete": null, "actions": null}, {"designers": [3], "num_inputs": [1], "num_outputs": [1], "coupling": [[1.0]], "target": [-1.0], "inputs": [3], "outputs": [3], "time_start": null, "time_complete": null, "actions": null}]}, {"name": "Training Task 2/5 (Individual)", "assignments": [[0], [1], [2], [3]], "tasks": [{"designers": [0], "num_inputs": [2], "num_outputs": [2], "coupling": [[0.696024761984183, 0.7180177788222665], [0.7180177788222666, -0.6960247619841831]], "target": [0.5585025132834653, -0.8295028286003927], "inputs": [0, 0], "outputs": [0, 0], "time_start": null, "time_complete": null, "actions": null}, {"designers": [1], "num_inputs": [2], "num_outputs": [2], "coupling": [[-0.8888731286493526, -0.45815342535564596], [-0.45815342535564596, 0.8888731286493528]], "target": [-0.7461829382268503, 0.6657409576548105], "inputs": [1, 1], "outputs": [1, 1], "time_start": null, "time_complete": null, "actions": null}, {"designers": [2], "num_inputs": [2], "num_outputs": [2], "coupling": [[-0.3949744357902991, -0.9186921111406886], [-0.9186921111406886, 0.394974435790299]], "target": [-0.5714937417032326, -0.8206064240511639], "inputs": [2, 2], "outputs": [2, 2], "time_start": null, "time_complete": null, "actions": null}, {"designers": [3], "num_inputs": [2], "num_outputs": [2], "coupling": [[-0.6387776487821397, -0.7693913928660511], [-0.7693913928660512, 0.6387776487821394]], "target": [-0.28663881312976613, -0.9580387209333237], "inputs": [3, 3], "outputs": [3, 3], "time_start": null, "time_complete": null, "actions": null}]}, {"name": "Training Task 3/5 (Pair)", "assignments": [[0, 1], [2, 3]], "tasks": [{"designers": [0, 1], "num_inputs": [1, 1], "num_outputs": [1, 1], "coupling": [[-0.8971653051881142, -0.4416949345042548], [-0.4416949345042548, 0.8971653051881141]], "target": [-0.7424628751962676, -0.6698872136078518], "inputs": [0, 1], "outputs": [0, 1], "time_start": null, "time_complete": null, "actions": null}, {"designers": [2, 3], "num_inputs": [1, 1], "num_outputs": [1, 1], "coupling": [[-0.853428986285331, -0.5212091378400732], [-0.5212091378400732, 0.853428986285331]], "target": [-0.979745908496221, -0.20024473722151792], "inputs": [2, 3], "outputs": [2, 3], "time_start": null, "time_complete": null, "actions": null}]}, {"name": "Training Task 4/5 (Pair)", "assignments": [[0, 1], [2, 3]], "tasks": [{"designers": [0, 1], "num_inputs": [2, 1], "num_outputs": [2, 1], "coupling": [[-0.3728583348167296, -0.3614147919913662, -0.8546086883992774], [-0.386565958277084, -0.7767876857250237, 0.4971595832399105], [-0.843530332625339, 0.5157327209280008, 0.14992110760391783]], "target": [0.6687055394071337, -0.4467920091954553, 0.5943145649277852], "inputs": [0, 0, 1], "outputs": [0, 0, 1], "time_start": null, "time_complete": null, "actions": null}, {"designers": [2, 3], "num_inputs": [2, 1], "num_outputs": [2, 1], "coupling": [[-0.43259420669038573, 0.897569687653558, -0.08503474668281141], [-0.34366705908107664, -0.25135669926073706, -0.9048274765055001], [-0.8335197687160631, -0.36219948307837424, 0.41720058678923133]], "target": [0.5553725511840164, 0.8265035079526389, -0.09194172465936706], "inputs": [2, 2, 3], "outputs": [2, 2, 3], "time_start": null, "time_complete": null, "actions": null}]}, {"name": "Training Task 5/5 (Pair)", "assignments": [[1, 0], [3, 2]], "tasks": [{"designers": [1, 0], "num_inputs": [2, 1], "num_outputs": [2, 1], "coupling": [[-0.6720890312219416, 0.6918727775291815, 0.26383402704201747], [-0.35767936465556677, 0.008638905623305566, -0.9338044984948519], [-0.64835314930271, -0.721967747911004, 0.24166250177793483]], "target": [0.39099859330414, -0.4456014663434916, 0.8053318776918706], "inputs": [1, 1, 0], "outputs": [1, 1, 0], "time_start": null, "time_complete": null, "actions": null}, {"designers": [3, 2], "num_inputs": [2, 1], "num_outputs": [2, 1], "coupling": [[-0.5705372142456576, 0.027260206217369482, -0.8208192056219145], [-0.6117587570902706, -0.6809239325798752, 0.4026087693572073], [-0.5479402433515644, 0.7318466227270193, 0.4051691134808824]], "target": [0.37875944720371235, 0.4782321448444057, 0.7923605850819799], "inputs": [3, 3, 2], "outputs": [3, 3, 2], "time_start": null, "time_complete": null, "actions": null}]}], "rounds": [{"name": "Thinkable Ink (Pair)", "assignments": [[0, 1], [2, 3]], "tasks": [{"designers": [0, 1], "num_inputs": [1, 1], "num_outputs": [1, 1], "coupling": [[-0.38520866846477286, -0.9228294976536006], [-0.9228294976536005, 0.38520866846477275]], "target": [0.009268623812900056, -0.9999570453837578], "inputs": [0, 1], "outputs": [0, 1], "time_start": null, "time_complete": null, "actions": null}, {"designers": [2, 3], "num_inputs": [1, 1], "num_outputs": [1, 1], "coupling": [[-0.4420885384495029, -0.8969714177004653], [-0.8969714177004651, 0.442088538449503]], "target": [0.010192198983836942, -0.999948058190961], "inputs": [2, 3], "outputs": [2, 3], "time_start": null, "time_complete": null, "actions": null}]}, {"name": "Better Behavior (Pair)", "assignments": [[0, 1], [2, 3]], "tasks": [{"designers": [0, 1], "num_inputs": [2, 1], "num_outputs": [2, 1], "coupling": [[-0.24968155441843592, 0.04586960947295729, -0.9672409732377923], [-0.713985866091484, -0.6834855249962616, 0.15189377914245775], [-0.6541278960606915, 0.7285214588791347, 0.20340398115039485]], "target": [0.49518762720847187, -0.5193444192631773, 0.6964700912744469], "inputs": [0, 0, 1], "outputs": [0, 0, 1], "time_start": null, "time_complete": null, "actions": null}, {"designers": [2, 3], "num_inputs": [2, 1], "num_outputs": [2, 1], "coupling": [[-0.5625954768295583, 0.41438183481461854, 0.7153838301405702], [-0.694624515238952, 0.23230511188843672, -0.6808311962737548], [-0.44831140101493366, -0.87995569772925, 0.15714597593911303]], "target": [-0.14912338648978274, 0.755238766059353, 0.6382606221936028], "inputs": [2, 2, 3], "outputs": [2, 2, 3], "time_start": null, "time_complete": null, "actions": null}]}, {"name": "Staking System (Pair)", "assignments": [[0, 1], [2, 3]], "tasks": [{"designers": [0, 1], "num_inputs": [1, 1], "num_outputs": [1, 1], "coupling": [[-0.8604454564270764, -0.5095425561363842], [-0.5095425561363842, 0.8604454564270767]], "target": [-0.18124182702690073, 0.9834385594107804], "inputs": [0, 1], "outputs": [0, 1], "time_start": null, "time_complete": null, "actions": null}, {"designers": [2, 3], "num_inputs": [1, 1], "num_outputs": [1, 1], "coupling": [[-0.7598460671194169, -0.6501030335901797], [-0.6501030335901797, 0.759846067119417]], "target": [0.8274389534729345, -0.5615556769151343], "inputs": [2, 3], "outputs": [2, 3], "time_start": null, "time_complete": null, "actions": null}]}, {"name": "Unwritten Experience (Individual)", "assignments": [[0], [1], [2], [3]], "tasks": [{"designers": [0], "num_inputs": [3], "num_outputs": [3], "coupling": [[-0.5390485116401773, 0.631442092150241, -0.5574115054064064], [-0.6729959248960228, -0.7208361111526783, -0.1657461490702904], [-0.5064614370037038, 0.28579045666223774, 0.8135235876782756]], "target": [0.5172232177073326, 0.5768860421108976, -0.6322045851479544], "inputs": [0, 0, 0], "outputs": [0, 0, 0], "time_start": null, "time_complete": null, "actions": null}, {"designers": [1], "num_inputs": [3], "num_outputs": [3], "coupling": [[-0.728499219045265, 0.6442387077761712, 0.23290636584972882], [-0.37407381423725317, -0.08928156011358791, -0.9230913197109355], [-0.573896915266524, -0.7595954781504244, 0.30603437751500334]], "target": [0.8437148299153541, 0.4551869511881751, -0.28451735491691743], "inputs": [1, 1, 1], "outputs": [1, 1, 1], "time_start": null, "time_complete": null, "actions": null}, {"designers": [2], "num_inputs": [3], "num_outputs": [3], "coupling": [[-0.8865813227824989, 0.15972840098233806, -0.434120255243706], [-0.3247493116039227, -0.8832509533989777, 0.33823902485161944], [-0.3294107507444366, 0.440856656113324, 0.8349454868759786]], "target": [-0.6970003005214918, -0.03450056369364309, -0.7162403871451057], "inputs": [2, 2, 2], "outputs": [2, 2, 2], "time_start": null, "time_complete": null, "actions": null}, {"designers": [3], "num_inputs": [3], "num_outputs": [3], "coupling": [[-0.8019993507310531, 0.596291682161336, 0.03511796138976205], [-0.3657822886884295, -0.4437892981786034, -0.8180796881135706], [-0.47222913792863636, -0.6689449070045651, 0.5740316652274772]], "target": [0.42941378997639124, 0.6211573352038449, -0.6555664435437268], "inputs": [3, 3, 3], "outputs": [3, 3, 3], "time_start": null, "time_complete": null, "actions": null}]}, {"name": "Hallowed Sign (Pair)", "assignments": [[1, 0], [3, 2]], "tasks": [{"designers": [1, 0], "num_inputs": [2, 1], "num_outputs": [2, 1], "coupling": [[-0.6049764558478414, -0.5138086551286589, 0.6082796674101996], [-0.4390054967339971, 0.8525724171173745, 0.2835391461649929], [-0.6642873336946303, -0.09550360980358476, -0.7413510631322807]], "target": [-0.6511664044989038, 0.4671746023716543, 0.5981055128912095], "inputs": [1, 1, 0], "outputs": [1, 1, 0], "time_start": null, "time_complete": null, "actions": null}, {"designers": [3, 2], "num_inputs": [2, 1], "num_outputs": [2, 1], "coupling": [[-0.7266146300190577, 0.6462802438149624, -0.23313735414287473], [-0.24683801871688205, -0.5622416174977042, -0.7892752093341645], [-0.6411724978180143, -0.5159517516280351, 0.56805951979856]], "target": [0.029675574396075932, 0.8893880079128803, 0.45618892102397807], "inputs": [3, 3, 2], "outputs": [3, 3, 2], "time_start": null, "time_complete": null, "actions": null}]}, {"name": "Absorbed Copper (Pair)", "assignments": [[1, 0], [3, 2]], "tasks": [{"designers": [1, 0], "num_inputs": [2, 1], "num_outputs": [2, 1], "coupling": [[-0.55233972030525, -0.7043222838258235, 0.4459270723778649], [-0.6590077496615832, 0.6965179494682903, 0.28385124969685105], [-0.5105189705183285, -0.13708707661506, -0.8488683726974651]], "target": [-0.30906754928035096, 0.8810109743419272, -0.35818558467772804], "inputs": [1, 1, 0], "outputs": [1, 1, 0], "time_start": null, "time_complete": null, "actions": null}, {"designers": [3, 2], "num_inputs": [2, 1], "num_outputs": [2, 1], "coupling": [[-0.4181181461598885, -0.8905868060386288, 0.17897585524793982], [-0.4194373971257825, 0.36404026757074337, 0.8315930215432129], [-0.8057601912133451, 0.2726349656535917, -0.5257572536436358]], "target": [-0.7433330780307943, 0.22216871278625616, -0.6309492833533956], "inputs": [3, 3, 2], "outputs": [3, 3, 2], "time_start": null, "time_complete": null, "actions": null}]}, {"name": "Noiseless Stone (Individual)", "assignments": [[0], [1], [2], [3]], "tasks": [{"designers": [0], "num_inputs": [3], "num_outputs": [3], "coupling": [[-0.6017058649155111, -0.18632904724451405, -0.7766798170927507], [-0.7296597905106312, -0.2672956627961852, 0.6294041775856987], [-0.3248794272314869, 0.9454282176893706, 0.024876554392465843]], "target": [-0.8103161104564613, -0.06633788765100061, -0.5822259748557387], "inputs": [0, 0, 0], "outputs": [0, 0, 0], "time_start": null, "time_complete": null, "actions": null}, {"designers": [1], "num_inputs": [3], "num_outputs": [3], "coupling": [[-0.7466835808843515, 0.15038820173540457, -0.6479560315457473], [-0.44400242464311285, -0.8380190166471783, 0.31715291997510153], [-0.49530341907638703, 0.524506927043378, 0.6925077664075352]], "target": [-0.660139246440232, -0.49140604667417165, 0.5680988229184997], "inputs": [1, 1, 1], "outputs": [1, 1, 1], "time_start": null, "time_complete": null, "actions": null}, {"designers": [2], "num_inputs": [3], "num_outputs": [3], "coupling": [[-0.7495932767512975, -0.27816308438009296, -0.6006123691178911], [-0.5319226983799885, -0.28686590270430057, 0.796722157852911], [-0.3939139022647017, 0.9166969250269144, 0.06707149356317596]], "target": [0.3916141050848585, -0.8333010791731972, -0.3901893183409438], "inputs": [2, 2, 2], "outputs": [2, 2, 2], "time_start": null, "time_complete": null, "actions": null}, {"designers": [3], "num_inputs": [3], "num_outputs": [3], "coupling": [[-0.683157011779818, -0.5207360246496014, -0.5119868063614527], [-0.5107926291792482, -0.16031996841182164, 0.8446232282530383], [-0.5219074508303374, 0.8385293676196217, -0.15646441259026508]], "target": [0.588113959044166, 0.6768318027018538, -0.44274222977795485], "inputs": [3, 3, 3], "outputs": [3, 3, 3], "time_start": null, "time_complete": null, "actions": null}]}, {"name": "Impolite Heat (Individual)", "assignments": [[0], [1], [2], [3]], "tasks": [{"designers": [0], "num_inputs": [4], "num_outputs": [4], "coupling": [[-0.38076104451614773, 0.5833228660536168, -0.6276570885711092, -0.34756587876891104], [-0.5293705795737855, -0.21107271804343772, 0.49017376924702966, -0.6595034291962625], [-0.44387657098213035, -0.7100380641556185, -0.5056389780453759, 0.20772279861516185], [-0.6146229789015643, 0.33320967736080426, 0.3318214564940401, 0.6333280553784507]], "target": [0.24215461742182187, 0.40290435167826666, 0.6686405168574566, -0.5761502268302946], "inputs": [0, 0, 0, 0], "outputs": [0, 0, 0, 0], "time_start": null, "time_complete": null, "actions": null}, {"designers": [1], "num_inputs": [4], "num_outputs": [4], "coupling": [[-0.6456513465308218, 0.03014427164727343, 0.42989834044551706, -0.6304070736373305], [-0.651426124319036, -0.5364161783776837, -0.3676464405218712, 0.39081681501818627], [-0.37088779915783804, 0.8292713314484079, -0.3883674461828639, 0.15466746916866622], [-0.1456728653987154, 0.1538117853069826, 0.7274573790946028, 0.6526309160528773]], "target": [0.821855956688875, -0.22031907467955653, 0.513559874923833, 0.11076347166631804], "inputs": [1, 1, 1, 1], "outputs": [1, 1, 1, 1], "time_start": null, "time_complete": null, "actions": null}, {"designers": [2], "num_inputs": [4], "num_outputs": [4], "coupling": [[-0.5713285436869708, -0.2566267841243371, 0.6858141465234678, -0.37065529170216044], [-0.38254343467578217, -0.6988681525525475, -0.602893101665553, -0.041996832003553974], [-0.3965678950362601, 0.6023950306581716, -0.40764969206098794, -0.5600677282502826], [-0.6082582678283054, 0.28783020351611976, 0.00077003568694282, 0.7397128230654242]], "target": [-0.7817036919438831, 0.2623529682424246, -0.5399481758012172, 0.1690154593657932], "inputs": [2, 2, 2, 2], "outputs": [2, 2, 2, 2], "time_start": null, "time_complete": null, "actions": null}, {"designers": [3], "num_inputs": [4], "num_outputs": [4], "coupling": [[-0.4651792670718529, -0.17983291856840367, -0.22396069988177986, -0.8373231011945909], [-0.5418679041039816, 0.2744397709633635, 0.793836213423307, 0.029766640275325586], [-0.3581817914259894, -0.8552211937940313, 0.037192695989822826, 0.3727186839177642], [-0.6014093683002631, 0.40117283457165825, -0.5641652014536322, 0.39885430170828295]], "target": [0.8747723375458993, 0.10138935953572835, -0.4013178041480897, 0.25186817050030985], "inputs": [3, 3, 3, 3], "outputs": [3, 3, 3, 3], "time_start": null, "time_complete": null, "actions": null}]}, {"name": "Towering Test (Pair)", "assignments": [[0, 1], [2, 3]], "tasks": [{"designers": [0, 1], "num_inputs": [1, 1], "num_outputs": [1, 1], "coupling": [[-0.782876980989815, -0.6221765285160418], [-0.6221765285160418, 0.7828769809898151]], "target": [-0.8194899143793917, 0.5730936051208889], "inputs": [0, 1], "outputs": [0, 1], "time_start": null, "time_complete": null, "actions": null}, {"designers": [2, 3], "num_inputs": [1, 1], "num_outputs": [1, 1], "coupling": [[-0.7711607408164338, -0.6366404886774398], [-0.6366404886774399, 0.7711607408164338]], "target": [-0.9557983862695982, 0.2940228644245744], "inputs": [2, 3], "outputs": [2, 3], "time_start": null, "time_complete": null, "actions": null}]}, {"name": "Chemical Rhythm (Pair)", "assignments": [[0, 1], [2, 3]], "tasks": [{"designers": [0, 1], "num_inputs": [2, 2], "num_outputs": [2, 2], "coupling": [[-0.39980960677857963, 0.7351690242656722, 0.18235748226783222, 0.5161632810930619], [-0.5519433054889187, 0.2228563678260499, 0.1340385244560467, -0.7922924338948294], [-0.3877226654063374, -0.054240062661375474, -0.9147184525065919, 0.10009646835249426], [-0.6206303252208426, -0.637902469568923, 0.33476794241164964, 0.30956237411483134]], "target": [-0.040295076813330555, 0.9356609632679188, -0.35043989050002705, -0.010332073726385959], "inputs": [0, 0, 1, 1], "outputs": [0, 0, 1, 1], "time_start": null, "time_complete": null, "actions": null}, {"designers": [2, 3], "num_inputs": [2, 2], "num_outputs": [2, 2], "coupling": [[-0.5384542062453419, -0.17631334110454824, 0.8099741508280912, -0.1514019435660024], [-0.3625885362085631, -0.17273696621312182, -0.10866851941679168, 0.9093308786142594], [-0.3580975403433236, -0.7376731107176907, -0.46183069862188125, -0.33810788091165966], [-0.6710907336470182, 0.6284217755426084, -0.3447396607419863, -0.18941453362528216]], "target": [-0.10057235354985505, 0.6804955133381, 0.14155493739674804, 0.7118800866204655], "inputs": [2, 2, 3, 3], "outputs": [2, 2, 3, 3], "time_start": null, "time_complete": null, "actions": null}]}, {"name": "Chief Government (Pair)", "assignments": [[0, 1], [2, 3]], "tasks": [{"designers": [0, 1], "num_inputs": [2, 2], "num_outputs": [2, 2], "coupling": [[-0.295791194299103, 0.6809013826916221, -0.6168888034281436, -0.26139831795315843], [-0.4142910390591193, -0.11449643705852929, 0.41258784893521955, -0.8031343398007745], [-0.7427938190893977, -0.5085011034373611, -0.3270016154929155, 0.28766979958034655], [-0.4348883151488583, 0.5144808069816849, 0.5850550526070389, 0.45154428134285646]], "target": [-0.46170296963545754, 0.21986943029039713, 0.8395134262599105, 0.18358923874487218], "inputs": [0, 0, 1, 1], "outputs": [0, 0, 1, 1], "time_start": null, "time_complete": null, "actions": null}, {"designers": [2, 3], "num_inputs": [2, 2], "num_outputs": [2, 2], "coupling": [[-0.4551890277855515, 0.8883394038010314, -0.0539788344646455, 0.027245881668819173], [-0.451844510505665, -0.22067701958084893, 0.5251144626722477, 0.686580652543637], [-0.46422812332554286, -0.186955670403221, 0.4714196654164762, -0.7261565436435484], [-0.6108451005150042, -0.35665436207541884, -0.7064733438572843, 0.023692691035379774]], "target": [0.8052062711605903, 0.5921883260336129, 0.03017457828905105, 0.006733663062804533], "inputs": [2, 2, 3, 3], "outputs": [2, 2, 3, 3], "time_start": null, "time_complete": null, "actions": null}]}, {"name": "Flat Sleep (Individual)", "assignments": [[0], [1], [2], [3]], "tasks": [{"designers": [0], "num_inputs": [2], "num_outputs": [2], "coupling": [[-0.9350338067465765, -0.35455857095973], [-0.3545585709597299, 0.9350338067465765]], "target": [0.8299611874931052, 0.557821142710667], "inputs": [0, 0], "outputs": [0, 0], "time_start": null, "time_complete": null, "actions": null}, {"designers": [1], "num_inputs": [2], "num_outputs": [2], "coupling": [[-0.9214776127826223, -0.3884314729015139], [-0.3884314729015139, 0.9214776127826223]], "target": [-0.7358218280717128, 0.6771751895434468], "inputs": [1, 1], "outputs": [1, 1], "time_start": null, "time_complete": null, "actions": null}, {"designers": [2], "num_inputs": [2], "num_outputs": [2], "coupling": [[-0.8444593413684741, -0.5356196605573054], [-0.5356196605573054, 0.844459341368474]], "target": [-0.7832205918013573, 0.6217439220276558], "inputs": [2, 2], "outputs": [2, 2], "time_start": null, "time_complete": null, "actions": null}, {"designers": [3], "num_inputs": [2], "num_outputs": [2], "coupling": [[-0.7593883854736512, -0.6506375949848897], [-0.6506375949848897, 0.7593883854736511]], "target": [0.9901692660790311, -0.13987431684377483], "inputs": [3, 3], "outputs": [3, 3], "time_start": null, "time_complete": null, "actions": null}]}, {"name": "Arrogant Flame (Individual)", "assignments": [[0], [1], [2], [3]], "tasks": [{"designers": [0], "num_inputs": [4], "num_outputs": [4], "coupling": [[-0.5757663589231125, -0.34560679838371827, 0.34061357629369654, -0.6580512384972733], [-0.3419318762917699, -0.3895609579020512, -0.8529029226297867, 0.06230133725365677], [-0.6707446239141908, 0.7161588178228567, -0.04448723535180091, 0.18772075813700664], [-0.31886884670381566, -0.4646662766372882, 0.39314104606965095, 0.7265315050657324]], "target": [-0.6427267608688532, 0.40467501901182923, 0.5719705255962761, 0.3098227843460311], "inputs": [0, 0, 0, 0], "outputs": [0, 0, 0, 0], "time_start": null, "time_complete": null, "actions": null}, {"designers": [1], "num_inputs": [4], "num_outputs": [4], "coupling": [[-0.44399921196274533, -0.3998572870355162, 0.37036602161222987, -0.7112017012185696], [-0.611783992252122, 0.47242190196387496, -0.6028908476360588, -0.19763734263940344], [-0.4322973610790625, 0.4633710625197558, 0.6822337512125192, 0.36464141115606413], [-0.4916340490696258, -0.6342073438306629, -0.18414327187898616, 0.5675986806259877]], "target": [0.9174936252383117, 0.07101060122710717, 0.12128136068544182, 0.37209377005092775], "inputs": [1, 1, 1, 1], "outputs": [1, 1, 1, 1], "time_start": null, "time_complete": null, "actions": null}, {"designers": [2], "num_inputs": [4], "num_outputs": [4], "coupling": [[-0.39205060755414856, 0.23919079748896363, -0.8437473386680499, -0.2778030093494305], [-0.5977058758193564, -0.21336414904950488, 0.4289012193418757, -0.6428585925057306], [-0.6141041937091272, -0.41017338551052696, -0.052265814814557894, 0.6722366530392891], [-0.3345445357441995, 0.8538274393083223, 0.3184375247036782, 0.2401170555135253]], "target": [-0.02080402976083362, 0.8570496922136523, -0.06916175681493024, -0.5101467130311308], "inputs": [2, 2, 2, 2], "outputs": [2, 2, 2, 2], "time_start": null, "time_complete": null, "actions": null}, {"designers": [3], "num_inputs": [4], "num_outputs": [4], "coupling": [[-0.5287912851918544, 0.6803270430718811, -0.21546649760945347, -0.4594660809876327], [-0.5526882763856976, -0.7249660028318263, -0.06832879272029749, -0.4053284346912245], [-0.5098268853389736, -0.002786591153528338, -0.39130413714367707, 0.7661265262014796], [-0.3936902244614609, 0.10757157669597946, 0.8920686278238595, 0.19403588921403545]], "target": [0.6114417442690625, -0.47521091496090834, 0.6126550879610984, -0.15801051503808775], "inputs": [3, 3, 3, 3], "outputs": [3, 3, 3, 3], "time_start": null, "time_complete": null, "actions": null}]}, {"name": "Husky Verse (Pair)", "assignments": [[0, 1], [2, 3]], "tasks": [{"designers": [0, 1], "num_inputs": [2, 2], "num_outputs": [2, 2], "coupling": [[-0.3222179562219175, -0.7983914237127728, 0.5081147312350534, 0.02379376245977519], [-0.4694625777566937, -0.20123005877126596, -0.5843677404147944, -0.6305756857788455], [-0.7304266502283954, 0.5512336373009409, 0.40321827901099605, -0.005779724518642108], [-0.3771702339930038, -0.13497805413021813, -0.4875948967491845, 0.7757414235149719]], "target": [-0.1803536180764327, -0.9828758376815913, 0.0343529336445404, 0.01573327996521946], "inputs": [0, 0, 1, 1], "outputs": [0, 0, 1, 1], "time_start": null, "time_complete": null, "actions": null}, {"designers": [2, 3], "num_inputs": [2, 2], "num_outputs": [2, 2], "coupling": [[-0.5073656923980839, 0.813488644324875, 0.23132546044558597, 0.16524167477221893], [-0.4691676431737544, -0.09907971402499127, -0.05498387168391179, -0.8758091725496814], [-0.48840260734354113, -0.14501798098437105, -0.7955241620528861, 0.32798473428088193], [-0.5328458218999453, -0.5544269302752343, 0.557320924418183, 0.3131764618789445]], "target": [0.2902306962022807, -0.8264757326509587, 0.37881018076747813, -0.29867516346008954], "inputs": [2, 2, 3, 3], "outputs": [2, 2, 3, 3], "time_start": null, "time_complete": null, "actions": null}]}, {"name": "Economic Motion (Individual)", "assignments": [[0], [1], [2], [3]], "tasks": [{"designers": [0], "num_inputs": [2], "num_outputs": [2], "coupling": [[0.06612812426709724, 0.9978111400364875], [0.9978111400364876, -0.06612812426709737]], "target": [-0.8091099593542541, -0.5876572756920119], "inputs": [0, 0], "outputs": [0, 0], "time_start": null, "time_complete": null, "actions": null}, {"designers": [1], "num_inputs": [2], "num_outputs": [2], "coupling": [[-0.9726914487930086, -0.23210201516780937], [-0.2321020151678094, 0.9726914487930086]], "target": [0.8671544757608896, -0.49803927070850174], "inputs": [1, 1], "outputs": [1, 1], "time_start": null, "time_complete": null, "actions": null}, {"designers": [2], "num_inputs": [2], "num_outputs": [2], "coupling": [[-0.5339800547085441, -0.8454970734269042], [-0.8454970734269043, 0.5339800547085443]], "target": [0.5322878196728782, -0.8465634512710156], "inputs": [2, 2], "outputs": [2, 2], "time_start": null, "time_complete": null, "actions": null}, {"designers": [3], "num_inputs": [2], "num_outputs": [2], "coupling": [[-0.4434782393434592, -0.896285139466691], [-0.8962851394666911, 0.4434782393434592]], "target": [0.7860220668309941, 0.6181984393823168], "inputs": [3, 3], "outputs": [3, 3], "time_start": null, "time_complete": null, "actions": null}]}]}