{"name": "experiment002", "num_designers": 4, "error_tol": 0.05, "training": [{"name": "Training Task 1/5 (Individual)", "assignments": [[0], [1], [2], [3]], "tasks": [{"designers": [0], "num_inputs": [1], "num_outputs": [1], "coupling": [[1.0]], "target": [-1.0], "inputs": [0], "outputs": [0], "time_start": null, "time_complete": null, "actions": null}, {"designers": [1], "num_inputs": [1], "num_outputs": [1], "coupling": [[1.0]], "target": [-1.0], "inputs": [1], "outputs": [1], "time_start": null, "time_complete": null, "actions": null}, {"designers": [2], "num_inputs": [1], "num_outputs": [1], "coupling": [[1.0]], "target": [-1.0], "inputs": [2], "outputs": [2], "time_start": null, "time_complete": null, "actions": null}, {"designers": [3], "num_inputs": [1], "num_outputs": [1], "coupling": [[1.0]], "target": [1.0], "inputs": [3], "outputs": [3], "time_start": null, "time_complete": null, "actions": null}]}, {"name": "Training Task 2/5 (Individual)", "assignments": [[0], [1], [2], [3]], "tasks": [{"designers": [0], "num_inputs": [2], "num_outputs": [2], "coupling": [[0.40532008853001483, 0.9141748332972314], [0.9141748332972315, -0.40532008853001483]], "target": [0.6030920638997892, -0.7976715880994464], "inputs": [0, 0], "outputs": [0, 0], "time_start": null, "time_complete": null, "actions": null}, {"designers": [1], "num_inputs": [2], "num_outputs": [2], "coupling": [[-0.6032793578445679, -0.7975299470230856], [-0.7975299470230854, 0.6032793578445678]], "target": [0.3106857902692055, 0.9505126720485104], "inputs": [1, 1], "outputs": [1, 1], "time_start": null, "time_complete": null, "actions": null}, {"designers": [2], "num_inputs": [2], "num_outputs": [2], "coupling": [[-0.8559564397295618, -0.5170479409933794], [-0.5170479409933794, 0.8559564397295618]], "target": [0.9553241428377373, -0.29556011590088205], "inputs": [2, 2], "outputs": [2, 2], "time_start": null, "time_complete": null, "actions": null}, {"designers": [3], "num_inputs": [2], "num_outputs": [2], "coupling": [[-0.5015880859558968, -0.8651065784208904], [-0.8651065784208906, 0.5015880859558967]], "target": [-0.703633060275138, -0.7105635203750922], "inputs": [3, 3], "outputs": [3, 3], "time_start": null, "time_complete": null, "actions": null}]}, {"name": "Training Task 3/5 (Pair)", "assignments": [[0, 1], [2, 3]], "tasks": [{"designers": [0, 1], "num_inputs": [1, 1], "num_outputs": [1, 1], "coupling": [[-0.025177766602281132, -0.9996829897867228], [-0.9996829897867228, 0.02517776660228127]], "target": [-0.7115317242565591, 0.7026539727180714], "inputs": [0, 1], "outputs": [0, 1], "time_start": null, "time_complete": null, "actions": null}, {"designers": [2, 3], "num_inputs": [1, 1], "num_outputs": [1, 1], "coupling": [[-0.8914102573701292, -0.45319725623101415], [-0.45319725623101426, 0.8914102573701296]], "target": [0.9017705149630777, -0.4322151528385205], "inputs": [2, 3], "outputs": [2, 3], "time_start": null, "time_complete": null, "actions": null}]}, {"name": "Training Task 4/5 (Pair)", "assignments": [[0, 1], [2, 3]], "tasks": [{"designers": [0, 1], "num_inputs": [2, 1], "num_outputs": [2, 1], "coupling": [[-0.7097039225691634, -0.27995993263216384, -0.6464849405906815], [-0.40871377673306875, -0.5838194061526336, 0.7015040625029749], [-0.5738234841817943, 0.7620874865264358, 0.2999154412184964]], "target": [0.7667273197379052, -0.40230137469042043, 0.5002827411471693], "inputs": [0, 0, 1], "outputs": [0, 0, 1], "time_start": null, "time_complete": null, "actions": null}, {"designers": [2, 3], "num_inputs": [2, 1], "num_outputs": [2, 1], "coupling": [[-0.5912515942942685, 0.646629968156648, -0.48196601179566384], [-0.6212239865568283, -0.7462561358694514, -0.23912870635629685], [-0.5142978813595551, 0.15802361835791126, 0.8429271767300812]], "target": [-0.49686572892973757, 0.697532903998149, 0.51630639668227], "inputs": [2, 2, 3], "outputs": [2, 2, 3], "time_start": null, "time_complete": null, "actions": null}]}, {"name": "Training Task 5/5 (Pair)", "assignments": [[1, 0], [3, 2]], "tasks": [{"designers": [1, 0], "num_inputs": [2, 1], "num_outputs": [2, 1], "coupling": [[-0.7164465220499567, -0.4039701120892047, -0.5687816185331199], [-0.26485854775466156, -0.5967509658851603, 0.7574551038816884], [-0.6454102034549902, 0.6933227482592523, 0.3205452168141411]], "target": [0.6189813649014229, -0.6579132309954745, 0.42896649098253226], "inputs": [1, 1, 0], "outputs": [1, 1, 0], "time_start": null, "time_complete": null, "actions": null}, {"designers": [3, 2], "num_inputs": [2, 1], "num_outputs": [2, 1], "coupling": [[-0.178857260850305, 0.16214580312007718, -0.9704219797447245], [-0.6847984407129006, -0.728718914014625, 0.004454206385468153], [-0.7064426203438637, 0.6653401257160805, 0.24137386203523506]], "target": [0.4356211139822195, -0.26061822191600936, 0.8615755262646612], "inputs": [3, 3, 2], "outputs": [3, 3, 2], "time_start": null, "time_complete": null, "actions": null}]}], "rounds": [{"name": "Arrogant Flame (Individual)", "assignments": [[0], [1], [2], [3]], "tasks": [{"designers": [0], "num_inputs": [4], "num_outputs": [4], "coupling": [[-0.657588755862348, -0.6066251215130508, -0.20087565646205613, 0.39903879605073966], [-0.43837427677115876, 0.24706539341614397, -0.5812936016370093, -0.6394407193300752], [-0.3194840945583317, -0.2546127606453668, 0.7321975015440365, -0.544967039529419], [-0.5228144364428128, 0.7114330575970926, 0.2926320865344116, 0.36727990897346]], "target": [-0.6875890281877006, 0.4865539383212401, -0.5376665182817849, 0.03743405586799], "inputs": [0, 0, 0, 0], "outputs": [0, 0, 0, 0], "time_start": null, "time_complete": null, "actions": null}, {"designers": [1], "num_inputs": [4], "num_outputs": [4], "coupling": [[-0.43102877927802147, 0.6201944795532833, -0.2593848659909593, 0.6019073768118995], [-0.6350272860502925, 0.0661109497313964, -0.36235712053721764, -0.6790191495776746], [-0.49106622531129385, 0.025710929535553755, 0.8707378630390997, -0.0029127875028907967], [-0.4120782689783772, -0.7812343425372839, -0.20792398216879665, 0.42027612341791604]], "target": [0.3637368821393563, -0.42531827676673284, 0.8154008766498093, -0.14805828034405757], "inputs": [1, 1, 1, 1], "outputs": [1, 1, 1, 1], "time_start": null, "time_complete": null, "actions": null}, {"designers": [2], "num_inputs": [4], "num_outputs": [4], "coupling": [[-0.5065169443276724, 0.5698612597377211, 0.574684753774067, -0.2973821842994906], [-0.6464372306410949, -0.38216800838376985, -0.4438231279891498, -0.4889657976494691], [-0.5188271388851646, 0.23491269392538916, -0.292778220854559, 0.7680594635717926], [-0.2374402912444815, -0.6884923995592379, 0.6221248895799026, 0.2873342054265255]], "target": [0.2070954231700901, 0.7621311390263106, -0.2637308159953975, 0.5538173609800094], "inputs": [2, 2, 2, 2], "outputs": [2, 2, 2, 2], "time_start": null, "time_complete": null, "actions": null}, {"designers": [3], "num_inputs": [4], "num_outputs": [4], "coupling": [[-0.6185739295487542, 0.6511874541892374, -0.29078450185356336, -0.3297962502378218], [-0.5326805348631425, -0.7204294857506804, 0.022832820951808094, -0.44352166364937423], [-0.21520480160400532, -0.2315949305308983, -0.737576366388661, 0.5966839911241696], [-0.5360080548155133, 0.05744600699733698, 0.6090189976626807, 0.5817999501021764]], "target": [0.5670797457573418, -0.33560202160862806, 0.7367279726080264, -0.15173575524858213], "inputs": [3, 3, 3, 3], "outputs": [3, 3, 3, 3], "time_start": null, "time_complete": null, "actions": null}]}, {"name": "Economic Motion (Individual)", "assignments": [[0], [1], [2], [3]], "tasks": [{"designers": [0], "num_inputs": [2], "num_outputs": [2], "coupling": [[-0.9975695185003802, -0.06967823016494092], [-0.0696782301649409, 0.9975695185003806]], "target": [-0.6577087128560766, 0.7532723604601478], "inputs": [0, 0], "outputs": [0, 0], "time_start": null, "time_complete": null, "actions": null}, {"designers": [1], "num_inputs": [2], "num_outputs": [2], "coupling": [[-0.276767937232035, -0.9609367871615303], [-0.9609367871615303, 0.27676793723203474]], "target": [0.7208571949793967, -0.6930836200967645], "inputs": [1, 1], "outputs": [1, 1], "time_start": null, "time_complete": null, "actions": null}, {"designers": [2], "num_inputs": [2], "num_outputs": [2], "coupling": [[0.8449766979779804, 0.5348031225359748], [0.534803122535975, -0.8449766979779804]], "target": [-0.9914867888443286, -0.13020732524386683], "inputs": [2, 2], "outputs": [2, 2], "time_start": null, "time_complete": null, "actions": null}, {"designers": [3], "num_inputs": [2], "num_outputs": [2], "coupling": [[-0.9498951932804277, -0.3125685873256288], [-0.31256858732562887, 0.9498951932804276]], "target": [-0.9372248265934191, 0.348725715164419], "inputs": [3, 3], "outputs": [3, 3], "time_start": null, "time_complete": null, "actions": null}]}, {"name": "Noiseless Stone (Individual)", "assignments": [[0], [1], [2], [3]], "tasks": [{"designers": [0], "num_inputs": [3], "num_outputs": [3], "coupling": [[-0.9301431799522185, 0.3108425791780446, -0.19547520497064527], [-0.34790720402188047, -0.9163000725543043, 0.19838032772090594], [-0.11744889177021763, 0.25252934088322787, 0.9604346358888928]], "target": [0.6173091877749206, -0.6783050033490728, -0.3985369357039349], "inputs": [0, 0, 0], "outputs": [0, 0, 0], "time_start": null, "time_complete": null, "actions": null}, {"designers": [1], "num_inputs": [3], "num_outputs": [3], "coupling": [[-0.6858410473891141, -0.2553731970071678, -0.6814738351298171], [-0.36726360272097286, -0.6869688843533418, 0.627049597756618], [-0.6282829806962896, 0.6803368887401764, 0.3773621787974019]], "target": [-0.748941729234482, -0.5233749033818387, 0.40640496640828006], "inputs": [1, 1, 1], "outputs": [1, 1, 1], "time_start": null, "time_complete": null, "actions": null}, {"designers": [2], "num_inputs": [3], "num_outputs": [3], "coupling": [[-0.32880002821236426, 0.5769548150500469, 0.7476721760491787], [-0.8108374989188183, 0.23342772498808315, -0.5367066680729455], [-0.48418291150620274, -0.7827098048430554, 0.39106555666271986]], "target": [0.48622556852780385, -0.5072537630300598, -0.7115323719983921], "inputs": [2, 2, 2], "outputs": [2, 2, 2], "time_start": null, "time_complete": null, "actions": null}, {"designers": [3], "num_inputs": [3], "num_outputs": [3], "coupling": [[-0.437130769535074, 0.8812031281197813, 0.17999371466133693], [-0.7261461053982541, -0.22770195409343474, -0.6487400509579929], [-0.5306868416878472, -0.41428597260098526, 0.7394177499664407]], "target": [0.6463075309853665, 0.4458261040861449, -0.6192944859329599], "inputs": [3, 3, 3], "outputs": [3, 3, 3], "time_start": null, "time_complete": null, "actions": null}]}, {"name": "Husky Verse (Pair)", "assignments": [[0, 1], [2, 3]], "tasks": [{"designers": [0, 1], "num_inputs": [2, 2], "num_outputs": [2, 2], "coupling": [[-0.33310357803223983, -0.5594584496976888, 0.7513961037664858, -0.10701469342348352], [-0.41094683625447964, -0.5083082732204284, -0.6220360327122865, -0.4310644628772584], [-0.48998200859682745, 0.6445884635253971, 0.18331725432199167, -0.557510653000669], [-0.6928797408829126, 0.11460652305821249, -0.12194200884006129, 0.7013652087369218]], "target": [0.261173765941374, -0.751519805963006, 0.20138764593582043, 0.5713573849122414], "inputs": [0, 0, 1, 1], "outputs": [0, 0, 1, 1], "time_start": null, "time_complete": null, "actions": null}, {"designers": [2, 3], "num_inputs": [2, 2], "num_outputs": [2, 2], "coupling": [[-0.5649500963016687, -0.4121556114991626, -0.21564848334637451, -0.6815092605598947], [-0.5817778843314501, -0.06951209196345938, -0.45729659605595524, 0.6690159830746358], [-0.34640063612174266, 0.9044840337803153, -0.052597182860539285, -0.24320519790102432], [-0.4715638676637647, -0.08487905287586739, 0.8611672841098756, 0.16974679341804189]], "target": [-0.5815085444898305, 0.26089896077824337, 0.4480384059445719, -0.6269299257084465], "inputs": [2, 2, 3, 3], "outputs": [2, 2, 3, 3], "time_start": null, "time_complete": null, "actions": null}]}, {"name": "Chemical Rhythm (Pair)", "assignments": [[0, 1], [2, 3]], "tasks": [{"designers": [0, 1], "num_inputs": [2, 2], "num_outputs": [2, 2], "coupling": [[-0.5995237828629048, -0.5057229510135018, -0.16739533444179097, -0.5973226369451173], [-0.46766000266209545, -0.3945541117192311, 0.05018461621807974, 0.7893685318851904], [-0.36448927111942137, 0.5515654371280556, -0.7426183516755657, 0.10696318786963899], [-0.537599225195381, 0.5332418947432586, 0.6465124051840235, -0.09306913937022664]], "target": [0.5738313617718185, -0.2613070369183402, -0.5842878289742472, 0.5109245870151662], "inputs": [0, 0, 1, 1], "outputs": [0, 0, 1, 1], "time_start": null, "time_complete": null, "actions": null}, {"designers": [2, 3], "num_inputs": [2, 2], "num_outputs": [2, 2], "coupling": [[-0.5875676074123751, -0.08742197160184814, 0.4546686739372872, -0.6636249713061219], [-0.5486316805351292, -0.6250068703869199, -0.01913134360131667, 0.5549807949599304], [-0.38072841761317416, 0.11477410060625959, -0.8746402322500499, -0.27726745568380584], [-0.45696111197197636, 0.7671705916420533, 0.16707738554842042, 0.4179963788159192]], "target": [-0.19868151749785778, -0.41623929505973273, 0.4719993586312719, -0.7513235716418016], "inputs": [2, 2, 3, 3], "outputs": [2, 2, 3, 3], "time_start": null, "time_complete": null, "actions": null}]}, {"name": "Chief Government (Pair)", "assignments": [[0, 1], [2, 3]], "tasks": [{"designers": [0, 1], "num_inputs": [2, 2], "num_outputs": [2, 2], "coupling": [[-0.4835294862909364, -0.6982605024895489, 0.09840476478659585, -0.5186019753313333], [-0.5211051659358141, -0.254547624092774, -0.12150514978101251, 0.8055379641459643], [-0.5400290791201731, 0.49861249248514383, -0.6154251811989487, -0.28461556947681527], [-0.4505743397341319, 0.44612034258652616, 0.7725314538517056, -0.033978774454093204]], "target": [-0.17994303461280436, -0.6635268795071924, 0.43074283030219596, -0.584647927054425], "inputs": [0, 0, 1, 1], "outputs": [0, 0, 1, 1], "time_start": null, "time_complete": null, "actions": null}, {"designers": [2, 3], "num_inputs": [2, 2], "num_outputs": [2, 2], "coupling": [[-0.49657218829018457, 0.027951886652709677, 0.5337197146892175, 0.6839429947015409], [-0.47693851915869584, -0.640927991134596, -0.5856533642344814, 0.13693464164964014], [-0.6334327391566484, 0.03341883865567663, 0.31411214146387895, -0.7063849579176976], [-0.3531411555227078, 0.7663636104589198, -0.5229598126987102, 0.12037929698492801]], "target": [-0.836050141089328, 0.015627096447837763, -0.4703899639310094, -0.2819738237392062], "inputs": [2, 2, 3, 3], "outputs": [2, 2, 3, 3], "time_start": null, "time_complete": null, "actions": null}]}, {"name": "Impolite Heat (Individual)", "assignments": [[0], [1], [2], [3]], "tasks": [{"designers": [0], "num_inputs": [4], "num_outputs": [4], "coupling": [[-0.30966078750091003, 0.5656926540323957, 0.2926090949109929, -0.7060325314271781], [-0.5020051340082423, -0.7624656879901155, -0.03791717171514614, -0.4064470545547731], [-0.6061404562923471, 0.31217450334545144, -0.6951344639807493, 0.2278791427334274], [-0.5335679800731945, 0.03442346979262956, 0.6555381626196061, 0.5332822448922875]], "target": [0.17995293336055274, 0.6919244807781658, 0.693711705382463, 0.08730134300314847], "inputs": [0, 0, 0, 0], "outputs": [0, 0, 0, 0], "time_start": null, "time_complete": null, "actions": null}, {"designers": [1], "num_inputs": [4], "num_outputs": [4], "coupling": [[-0.5357021366169848, 0.32934287795837364, -0.24580598000956708, -0.737655685095444], [-0.6461332699808632, -0.4007734346438628, -0.4710140504360775, 0.4472563200217498], [-0.37939360095139735, 0.7085208047637931, 0.364316939115247, 0.47045927841599205], [-0.38935268562701053, -0.47844768997114356, 0.7648518499402572, -0.18572544736593538]], "target": [-0.590176701321723, 0.5631971223240352, -0.14579607274361842, 0.5596820238273453], "inputs": [1, 1, 1, 1], "outputs": [1, 1, 1, 1], "time_start": null, "time_complete": null, "actions": null}, {"designers": [2], "num_inputs": [4], "num_outputs": [4], "coupling": [[-0.5403913272937123, -0.0310196662778524, -0.4714422888530524, 0.6962450444855932], [-0.5077429620547503, -0.7840743336978739, 0.2281958292801283, -0.2745017071335945], [-0.5475799738196147, 0.5300185072946026, 0.6464639995559579, 0.03634352039946086], [-0.3877247350135386, 0.3214741069906667, -0.5547550171546575, -0.6622467812945338]], "target": [0.7982141547818937, 0.2995410845317078, -0.5078191779731036, -0.1234867776975206], "inputs": [2, 2, 2, 2], "outputs": [2, 2, 2, 2], "time_start": null, "time_complete": null, "actions": null}, {"designers": [3], "num_inputs": [4], "num_outputs": [4], "coupling": [[-0.5934321529736984, 0.3351253340095326, 0.7077638859900018, 0.1860096019304697], [-0.40345205965453923, -0.8975561030652708, 0.041255129500409535, 0.172966735821372], [-0.5264289286173648, 0.06929706519221966, -0.2624470629287571, -0.8057245428994873], [-0.4560014237831773, 0.2779963472980003, -0.6545913497276794, 0.5350615826784614]], "target": [-0.24786260518236358, -0.6803382673298194, -0.19234518397803876, -0.6623498329125823], "inputs": [3, 3, 3, 3], "outputs": [3, 3, 3, 3], "time_start": null, "time_complete": null, "actions": null}]}, {"name": "Flat Sleep (Individual)", "assignments": [[0], [1], [2], [3]], "tasks": [{"designers": [0], "num_inputs": [2], "num_outputs": [2], "coupling": [[-0.951270097758212, -0.3083588836260138], [-0.3083588836260139, 0.9512700977582121]], "target": [-0.6548644300920157, -0.7557463716090601], "inputs": [0, 0], "outputs": [0, 0], "time_start": null, "time_complete": null, "actions": null}, {"designers": [1], "num_inputs": [2], "num_outputs": [2], "coupling": [[-0.5041940098004647, -0.8635904124533395], [-0.8635904124533396, 0.5041940098004648]], "target": [-0.39987141961157113, 0.9165712453365678], "inputs": [1, 1], "outputs": [1, 1], "time_start": null, "time_complete": null, "actions": null}, {"designers": [2], "num_inputs": [2], "num_outputs": [2], "coupling": [[0.8036721232477674, 0.5950723639309974], [0.5950723639309974, -0.8036721232477673]], "target": [-0.8154935818214977, 0.5787661168450903], "inputs": [2, 2], "outputs": [2, 2], "time_start": null, "time_complete": null, "actions": null}, {"designers": [3], "num_inputs": [2], "num_outputs": [2], "coupling": [[-0.18926023438392225, -0.9819269645350119], [-0.9819269645350119, 0.18926023438392242]], "target": [-0.696301931241186, 0.717748995505946], "inputs": [3, 3], "outputs": [3, 3], "time_start": null, "time_complete": null, "actions": null}]}, {"name": "Thinkable Ink (Pair)", "assignments": [[0, 1], [2, 3]], "tasks": [{"designers": [0, 1], "num_inputs": [1, 1], "num_outputs": [1, 1], "coupling": [[-0.3064004789693497, -0.951902698014536], [-0.9519026980145359, 0.30640047896934974]], "target": [0.5803840266459324, 0.8143429140197962], "inputs": [0, 1], "outputs": [0, 1], "time_start": null, "time_complete": null, "actions": null}, {"designers": [2, 3], "num_inputs": [1, 1], "num_outputs": [1, 1], "coupling": [[0.2896974359074291, 0.9571182767185362], [0.9571182767185363, -0.28969743590742925]], "target": [0.6378749155435313, 0.7701399821593042], "inputs": [2, 3], "outputs": [2, 3], "time_start": null, "time_complete": null, "actions": null}]}, {"name": "Better Behavior (Pair)", "assignments": [[0, 1], [2, 3]], "tasks": [{"designers": [0, 1], "num_inputs": [2, 1], "num_outputs": [2, 1], "coupling": [[-0.8537395492815867, -0.40609689321934034, -0.3259050403262786], [-0.2917360033296514, -0.14538250837662392, 0.9453856517947383], [-0.4312990683432035, 0.9021913541902965, 0.00564571258248703]], "target": [-0.5361713506523609, 0.7258576525436996, -0.43087231401352855], "inputs": [0, 0, 1], "outputs": [0, 0, 1], "time_start": null, "time_complete": null, "actions": null}, {"designers": [2, 3], "num_inputs": [2, 1], "num_outputs": [2, 1], "coupling": [[-0.5894854470921217, 0.7027335657637749, -0.39833709746335577], [-0.5084977199469288, -0.7059843737053484, -0.4929666650927231], [-0.6276439886395597, -0.08804316914330203, 0.7735059300948042]], "target": [-0.18821695498023128, 0.5122317948074622, -0.8379695497130525], "inputs": [2, 2, 3], "outputs": [2, 2, 3], "time_start": null, "time_complete": null, "actions": null}]}, {"name": "Absorbed Copper (Pair)", "assignments": [[1, 0], [3, 2]], "tasks": [{"designers": [1, 0], "num_inputs": [2, 1], "num_outputs": [2, 1], "coupling": [[-0.6928584572471499, 0.057619404154839925, -0.7187678084652515], [-0.31836170602103775, -0.9188309473311822, 0.23322845959671465], [-0.6469876214893708, 0.39042245643830886, 0.6549636044454707]], "target": [-0.5479742036740964, -0.7396985816516052, 0.39060245827483425], "inputs": [1, 1, 0], "outputs": [1, 1, 0], "time_start": null, "time_complete": null, "actions": null}, {"designers": [3, 2], "num_inputs": [2, 1], "num_outputs": [2, 1], "coupling": [[-0.6906819067600914, -0.703440371443878, -0.1677204444817115], [-0.6508211136754479, 0.5035347702291925, 0.568229366686098], [-0.31526240129215183, 0.5016217489235618, -0.8055962011692788]], "target": [0.014065864061316935, 0.5411030511693026, 0.8408386524675704], "inputs": [3, 3, 2], "outputs": [3, 3, 2], "time_start": null, "time_complete": null, "actions": null}]}, {"name": "Towering Test (Pair)", "assignments": [[0, 1], [2, 3]], "tasks": [{"designers": [0, 1], "num_inputs": [1, 1], "num_outputs": [1, 1], "coupling": [[-0.6879531550439962, -0.7257550939986657], [-0.7257550939986657, 0.6879531550439957]], "target": [0.9518801542964948, -0.3064705073191892], "inputs": [0, 1], "outputs": [0, 1], "time_start": null, "time_complete": null, "actions": null}, {"designers": [2, 3], "num_inputs": [1, 1], "num_outputs": [1, 1], "coupling": [[-0.7563186046394617, -0.6542034609173338], [-0.654203460917334, 0.7563186046394618]], "target": [0.23525128015646968, -0.9719345837991065], "inputs": [2, 3], "outputs": [2, 3], "time_start": null, "time_complete": null, "actions": null}]}, {"name": "Staking System (Pair)", "assignments": [[0, 1], [2, 3]], "tasks": [{"designers": [0, 1], "num_inputs": [1, 1], "num_outputs": [1, 1], "coupling": [[-0.9880174253446261, -0.15434237012361687], [-0.15434237012361687, 0.9880174253446263]], "target": [-0.7434672840201804, -0.6687723062385701], "inputs": [0, 1], "outputs": [0, 1], "time_start": null, "time_complete": null, "actions": null}, {"designers": [2, 3], "num_inputs": [1, 1], "num_outputs": [1, 1], "coupling": [[0.25462673837799016, 0.9670394118664383], [0.9670394118664383, -0.2546267383779901]], "target": [-0.3917737968211785, 0.9200615697464587], "inputs": [2, 3], "outputs": [2, 3], "time_start": null, "time_complete": null, "actions": null}]}, {"name": "Hallowed Sign (Pair)", "assignments": [[1, 0], [3, 2]], "tasks": [{"designers": [1, 0], "num_inputs": [2, 1], "num_outputs": [2, 1], "coupling": [[-0.38968140170056376, 0.2006666583455195, 0.8988221722883382], [-0.6986325676566906, 0.5714903507988985, -0.4304780068170405], [-0.6000507816661056, -0.7956957151902946, -0.08250689819464341]], "target": [-0.543970821309957, 0.11825927692149132, 0.83072889018342], "inputs": [1, 1, 0], "outputs": [1, 1, 0], "time_start": null, "time_complete": null, "actions": null}, {"designers": [3, 2], "num_inputs": [2, 1], "num_outputs": [2, 1], "coupling": [[-0.8108629568881054, 0.41829253799241944, -0.4093074856468405], [-0.5505285575981326, -0.7824570418293797, 0.2909970531818762], [-0.1985436284940861, 0.4612941906760548, 0.8647474181707199]], "target": [0.7473549873171395, 0.422808636769902, 0.5125362227247704], "inputs": [3, 3, 2], "outputs": [3, 3, 2], "time_start": null, "time_complete": null, "actions": null}]}, {"name": "Unwritten Experience (Individual)", "assignments": [[0], [1], [2], [3]], "tasks": [{"designers": [0], "num_inputs": [3], "num_outputs": [3], "coupling": [[-0.4127814742965899, -0.8869295167191431, -0.2072860025420942], [-0.46910575852129616, 0.011942245722878157, 0.8830612493418868], [-0.7807376267349315, 0.46175038185088885, -0.42099328149136206]], "target": [0.6193156576979773, -0.5565605504713631, -0.5537946097508855], "inputs": [0, 0, 0], "outputs": [0, 0, 0], "time_start": null, "time_complete": null, "actions": null}, {"designers": [1], "num_inputs": [3], "num_outputs": [3], "coupling": [[-0.4415833228642938, 0.25785964853420723, 0.8593675410590884], [-0.6191835425926064, 0.6055867897384302, -0.49987636539125585], [-0.6493195742857284, -0.7528433049128601, -0.1077545762243215]], "target": [0.6737177199884432, -0.4056701885583508, -0.6176861111346165], "inputs": [1, 1, 1], "outputs": [1, 1, 1], "time_start": null, "time_complete": null, "actions": null}, {"designers": [2], "num_inputs": [3], "num_outputs": [3], "coupling": [[-0.6841373088210261, 0.5549189085424, -0.47330872337327057], [-0.40839626446120797, -0.8291293618476622, -0.3817813412101479], [-0.6042918449336001, -0.06789334477104556, 0.7938651396065616]], "target": [-0.4089024991183905, 0.06382347994168475, 0.91034351188047], "inputs": [2, 2, 2], "outputs": [2, 2, 2], "time_start": null, "time_complete": null, "actions": null}, {"designers": [3], "num_inputs": [3], "num_outputs": [3], "coupling": [[-0.6872126296019833, -0.04854910165469543, -0.7248322471055284], [-0.6484953915094434, -0.4086792991134183, 0.6422109915496457], [-0.3274027014343979, 0.9113858761274981, 0.249365707122634]], "target": [0.672140553073503, 0.30580410388484985, -0.6743225689247171], "inputs": [3, 3, 3], "outputs": [3, 3, 3], "time_start": null, "time_complete": null, "actions": null}]}]}