{"name": "experiment002", "num_designers": 4, "error_tol": 0.05, "training": [{"name": "Training Task 1/5 (Individual)", "assignments": [[0], [1], [2], [3]], "tasks": [{"designers": [0], "num_inputs": [1], "num_outputs": [1], "coupling": [[1.0]], "target": [1.0], "inputs": [0], "outputs": [0], "time_start": null, "time_complete": null, "actions": null}, {"designers": [1], "num_inputs": [1], "num_outputs": [1], "coupling": [[1.0]], "target": [-1.0], "inputs": [1], "outputs": [1], "time_start": null, "time_complete": null, "actions": null}, {"designers": [2], "num_inputs": [1], "num_outputs": [1], "coupling": [[1.0]], "target": [-1.0], "inputs": [2], "outputs": [2], "time_start": null, "time_complete": null, "actions": null}, {"designers": [3], "num_inputs": [1], "num_outputs": [1], "coupling": [[1.0]], "target": [-1.0], "inputs": [3], "outputs": [3], "time_start": null, "time_complete": null, "actions": null}]}, {"name": "Training Task 2/5 (Individual)", "assignments": [[0], [1], [2], [3]], "tasks": [{"designers": [0], "num_inputs": [2], "num_outputs": [2], "coupling": [[-0.6397885981185288, -0.7685509415240651], [-0.7685509415240652, 0.6397885981185291]], "target": [-0.615829708472106, 0.7878792865427807], "inputs": [0, 0], "outputs": [0, 0], "time_start": null, "time_complete": null, "actions": null}, {"designers": [1], "num_inputs": [2], "num_outputs": [2], "coupling": [[-0.6904414791217749, -0.7233882525367242], [-0.723388252536724, 0.6904414791217751]], "target": [-0.9812505682627508, -0.19273640622370514], "inputs": [1, 1], "outputs": [1, 1], "time_start": null, "time_complete": null, "actions": null}, {"designers": [2], "num_inputs": [2], "num_outputs": [2], "coupling": [[-0.8219782915174272, -0.5695188217031034], [-0.5695188217031034, 0.8219782915174273]], "target": [0.4868348705887411, 0.8734940233217648], "inputs": [2, 2], "outputs": [2, 2], "time_start": null, "time_complete": null, "actions": null}, {"designers": [3], "num_inputs": [2], "num_outputs": [2], "coupling": [[-0.422082083401677, -0.906557618064787], [-0.9065576180647872, 0.4220820834016768]], "target": [-0.6045660020630259, 0.7965550509221123], "inputs": [3, 3], "outputs": [3, 3], "time_start": null, "time_complete": null, "actions": null}]}, {"name": "Training Task 3/5 (Pair)", "assignments": [[0, 1], [2, 3]], "tasks": [{"designers": [0, 1], "num_inputs": [1, 1], "num_outputs": [1, 1], "coupling": [[-0.2819355786920381, -0.9594333376882342], [-0.9594333376882344, 0.281935578692038]], "target": [-0.4975741580554056, -0.8674214415354593], "inputs": [0, 1], "outputs": [0, 1], "time_start": null, "time_complete": null, "actions": null}, {"designers": [2, 3], "num_inputs": [1, 1], "num_outputs": [1, 1], "coupling": [[-0.9176509683558284, -0.3973873428729334], [-0.3973873428729334, 0.9176509683558285]], "target": [-0.018863937979846535, -0.9998220600906407], "inputs": [2, 3], "outputs": [2, 3], "time_start": null, "time_complete": null, "actions": null}]}, {"name": "Training Task 4/5 (Pair)", "assignments": [[0, 1], [2, 3]], "tasks": [{"designers": [0, 1], "num_inputs": [2, 1], "num_outputs": [2, 1], "coupling": [[-0.5922995563911977, 0.536891323400056, 0.6007736198906592], [-0.6013657532525822, 0.20166483985817243, -0.7731044710645074], [-0.5362279984425881, -0.8191941157153863, 0.20342205992355292]], "target": [0.21323539438718275, 0.97298921385491, 0.08844578171143455], "inputs": [0, 0, 1], "outputs": [0, 0, 1], "time_start": null, "time_complete": null, "actions": null}, {"designers": [2, 3], "num_inputs": [2, 1], "num_outputs": [2, 1], "coupling": [[-0.7432919893671417, 0.6471876212061327, -0.16930800778517588], [-0.4049796470372095, -0.636767133976225, -0.6561395450461145], [-0.5324551662142597, -0.41913697050636406, 0.7354017241797116]], "target": [-0.14440793330136947, 0.93349605429799, 0.32822471785304463], "inputs": [2, 2, 3], "outputs": [2, 2, 3], "time_start": null, "time_complete": null, "actions": null}]}, {"name": "Training Task 5/5 (Pair)", "assignments": [[1, 0], [3, 2]], "tasks": [{"designers": [1, 0], "num_inputs": [2, 1], "num_outputs": [2, 1], "coupling": [[-0.6140382343450016, -0.7710567474594276, -0.1686076479871574], [-0.49436338892019566, 0.2091967475371644, 0.8437070347669334], [-0.6152738304672256, 0.6014218261895391, -0.5096370282122636]], "target": [-0.9216971546726898, 0.21719108602750145, -0.32140688732269324], "inputs": [1, 1, 0], "outputs": [1, 1, 0], "time_start": null, "time_complete": null, "actions": null}, {"designers": [3, 2], "num_inputs": [2, 1], "num_outputs": [2, 1], "coupling": [[-0.5067094934778951, 0.19667993042719176, 0.8393822098344293], [-0.48014882601015196, 0.7442676035516901, -0.4642443744241787], [-0.7160325370403551, -0.6382654144402463, -0.28269182271330945]], "target": [0.11150107914879825, 0.15167515302741807, 0.9821212538697871], "inputs": [3, 3, 2], "outputs": [3, 3, 2], "time_start": null, "time_complete": null, "actions": null}]}], "rounds": [{"name": "Towering Test (Pair)", "assignments": [[0, 1], [2, 3]], "tasks": [{"designers": [0, 1], "num_inputs": [1, 1], "num_outputs": [1, 1], "coupling": [[-0.6827623918834081, -0.7306404835687984], [-0.7306404835687984, 0.6827623918834081]], "target": [-0.22862873812919138, 0.973513687680586], "inputs": [0, 1], "outputs": [0, 1], "time_start": null, "time_complete": null, "actions": null}, {"designers": [2, 3], "num_inputs": [1, 1], "num_outputs": [1, 1], "coupling": [[-0.4440411549934864, -0.8960063909772356], [-0.8960063909772354, 0.44404115499348634]], "target": [0.6902966051284187, 0.7235265005154821], "inputs": [2, 3], "outputs": [2, 3], "time_start": null, "time_complete": null, "actions": null}]}, {"name": "Hallowed Sign (Pair)", "assignments": [[1, 0], [3, 2]], "tasks": [{"designers": [1, 0], "num_inputs": [2, 1], "num_outputs": [2, 1], "coupling": [[-0.4638311525914058, 0.06815364724695959, -0.8832982181871901], [-0.4566148571265458, -0.8727945902705135, 0.17243107447855938], [-0.7591860998049372, 0.48330599371564076, 0.43594928868103966]], "target": [-0.772299103070202, 0.1127053051133826, -0.625181261392455], "inputs": [1, 1, 0], "outputs": [1, 1, 0], "time_start": null, "time_complete": null, "actions": null}, {"designers": [3, 2], "num_inputs": [2, 1], "num_outputs": [2, 1], "coupling": [[-0.5084825230803671, 0.8202738532822825, -0.26190900966415687], [-0.6488190104062622, -0.5649614840764565, -0.5097572100966945], [-0.5661090137572989, -0.08927108788159367, 0.819482310615168]], "target": [-0.6615599062505546, 0.578494374048915, 0.47716113592319265], "inputs": [3, 3, 2], "outputs": [3, 3, 2], "time_start": null, "time_complete": null, "actions": null}]}, {"name": "Economic Motion (Individual)", "assignments": [[0], [1], [2], [3]], "tasks": [{"designers": [0], "num_inputs": [2], "num_outputs": [2], "coupling": [[-0.5502528409811798, -0.834998090412272], [-0.8349980904122719, 0.5502528409811798]], "target": [-0.9661241915892822, 0.2580775976832481], "inputs": [0, 0], "outputs": [0, 0], "time_start": null, "time_complete": null, "actions": null}, {"designers": [1], "num_inputs": [2], "num_outputs": [2], "coupling": [[-0.9277975065257933, -0.3730841552311227], [-0.3730841552311227, 0.9277975065257933]], "target": [0.34256594294592535, 0.9394937864262695], "inputs": [1, 1], "outputs": [1, 1], "time_start": null, "time_complete": null, "actions": null}, {"designers": [2], "num_inputs": [2], "num_outputs": [2], "coupling": [[0.09127838458483596, 0.9958254146724632], [0.9958254146724631, -0.09127838458483582]], "target": [0.839390009281004, 0.543529587344825], "inputs": [2, 2], "outputs": [2, 2], "time_start": null, "time_complete": null, "actions": null}, {"designers": [3], "num_inputs": [2], "num_outputs": [2], "coupling": [[-0.8575547557830704, -0.5143926912717932], [-0.5143926912717932, 0.8575547557830705]], "target": [0.20333029106350287, 0.9791102045919198], "inputs": [3, 3], "outputs": [3, 3], "time_start": null, "time_complete": null, "actions": null}]}, {"name": "Staking System (Pair)", "assignments": [[0, 1], [2, 3]], "tasks": [{"designers": [0, 1], "num_inputs": [1, 1], "num_outputs": [1, 1], "coupling": [[-0.29474721915583024, -0.9555752596210854], [-0.9555752596210852, 0.29474721915583046]], "target": [0.6514705241740733, 0.7586739458636746], "inputs": [0, 1], "outputs": [0, 1], "time_start": null, "time_complete": null, "actions": null}, {"designers": [2, 3], "num_inputs": [1, 1], "num_outputs": [1, 1], "coupling": [[-0.5787366457992524, -0.8155144969950142], [-0.8155144969950142, 0.5787366457992523]], "target": [-0.3830854148523608, 0.9237129234385513], "inputs": [2, 3], "outputs": [2, 3], "time_start": null, "time_complete": null, "actions": null}]}, {"name": "Unwritten Experience (Individual)", "assignments": [[0], [1], [2], [3]], "tasks": [{"designers": [0], "num_inputs": [3], "num_outputs": [3], "coupling": [[-0.5838599404373409, 0.14104489626708455, -0.7995085410359993], [-0.5327859259676414, -0.8096299018688343, 0.2462490184562471], [-0.6125738543582383, 0.5697418356035211, 0.5478572019420962]], "target": [0.6709543979948942, -0.6749418739519352, 0.30704016446966537], "inputs": [0, 0, 0], "outputs": [0, 0, 0], "time_start": null, "time_complete": null, "actions": null}, {"designers": [1], "num_inputs": [3], "num_outputs": [3], "coupling": [[-0.5917146023056804, 0.0161429695435094, -0.8059858770180455], [-0.45907731352235176, -0.8285945225812426, 0.32043585529316687], [-0.6626626967223455, 0.5596164058376777, 0.4977023494921322]], "target": [-0.4968742980824665, 0.21843329259446223, 0.839882627866179], "inputs": [1, 1, 1], "outputs": [1, 1, 1], "time_start": null, "time_complete": null, "actions": null}, {"designers": [2], "num_inputs": [3], "num_outputs": [3], "coupling": [[-0.6884148881441836, -0.32223800387441565, -0.6498058253358945], [-0.42532500871061657, -0.5463466129332079, 0.7215289429411168], [-0.5875232580474963, 0.7730899348687988, 0.23905726062559043]], "target": [0.6612488262954244, -0.16600866244211213, 0.7315675728988436], "inputs": [2, 2, 2], "outputs": [2, 2, 2], "time_start": null, "time_complete": null, "actions": null}, {"designers": [3], "num_inputs": [3], "num_outputs": [3], "coupling": [[-0.17604863947473492, 0.04819995325913203, -0.9832007124920692], [-0.8079904003914152, -0.5775913302395935, 0.11636050922618664], [-0.5622796363148994, 0.814901846689449, 0.14062926739377596]], "target": [-0.329255172434336, -0.7234654246839186, 0.6067856381887703], "inputs": [3, 3, 3], "outputs": [3, 3, 3], "time_start": null, "time_complete": null, "actions": null}]}, {"name": "Flat Sleep (Individual)", "assignments": [[0], [1], [2], [3]], "tasks": [{"designers": [0], "num_inputs": [2], "num_outputs": [2], "coupling": [[-0.2587860903392367, -0.9659346558887575], [-0.9659346558887574, 0.25878609033923644]], "target": [0.12578200993215738, -0.9920579045486343], "inputs": [0, 0], "outputs": [0, 0], "time_start": null, "time_complete": null, "actions": null}, {"designers": [1], "num_inputs": [2], "num_outputs": [2], "coupling": [[-0.6811198610177971, -0.7321719298956338], [-0.7321719298956337, 0.6811198610177971]], "target": [0.8270183274818401, 0.562174960318529], "inputs": [1, 1], "outputs": [1, 1], "time_start": null, "time_complete": null, "actions": null}, {"designers": [2], "num_inputs": [2], "num_outputs": [2], "coupling": [[-0.9878835732096969, -0.15519679694646446], [-0.15519679694646443, 0.9878835732096966]], "target": [-0.7575101537223687, -0.6528233811740453], "inputs": [2, 2], "outputs": [2, 2], "time_start": null, "time_complete": null, "actions": null}, {"designers": [3], "num_inputs": [2], "num_outputs": [2], "coupling": [[-0.914466542650504, -0.4046615158040529], [-0.40466151580405296, 0.914466542650504]], "target": [-0.6754579675356316, 0.7373984907040653], "inputs": [3, 3], "outputs": [3, 3], "time_start": null, "time_complete": null, "actions": null}]}, {"name": "Absorbed Copper (Pair)", "assignments": [[1, 0], [3, 2]], "tasks": [{"designers": [1, 0], "num_inputs": [2, 1], "num_outputs": [2, 1], "coupling": [[-0.5956558606384108, -0.14248686083940965, -0.7905008476752222], [-0.599751893217884, -0.5757539945407798, 0.5557022623238989], [-0.5343142916567726, 0.8051116893068104, 0.2574944765870816]], "target": [0.6526581469195962, -0.42918920716345343, -0.6243668534714869], "inputs": [1, 1, 0], "outputs": [1, 1, 0], "time_start": null, "time_complete": null, "actions": null}, {"designers": [3, 2], "num_inputs": [2, 1], "num_outputs": [2, 1], "coupling": [[-0.7218848261059047, 0.658319576642586, -0.2133017413130386], [-0.40085012810543663, -0.6490498789341627, -0.6465705139065685], [-0.5640934963602254, -0.3812474126662045, 0.7324267456199436]], "target": [-0.12706308923754128, -0.16652634320678825, 0.9778159071990942], "inputs": [3, 3, 2], "outputs": [3, 3, 2], "time_start": null, "time_complete": null, "actions": null}]}, {"name": "Arrogant Flame (Individual)", "assignments": [[0], [1], [2], [3]], "tasks": [{"designers": [0], "num_inputs": [4], "num_outputs": [4], "coupling": [[-0.6203350028215282, 0.30164834386321393, -0.6480374678029056, -0.3228625113614043], [-0.504718306198911, -0.21918819659280767, 0.6451904525922321, -0.5300426829472561], [-0.3710131905767934, -0.8013265642119571, -0.22344694139924234, 0.41266986113067655], [-0.47200966947737955, 0.4678039638643873, 0.3374139661999072, 0.666721935086787]], "target": [-0.5773564323971578, -0.7051121832982954, 0.3805582355974153, -0.15700887953526474], "inputs": [0, 0, 0, 0], "outputs": [0, 0, 0, 0], "time_start": null, "time_complete": null, "actions": null}, {"designers": [1], "num_inputs": [4], "num_outputs": [4], "coupling": [[-0.43864887839882294, 0.7388917441429702, 0.13803476005266557, 0.49251655498472047], [-0.6326516697006542, 0.13962580499481153, -0.044555994437734385, -0.76044149200592], [-0.4388672376923774, -0.349924321730668, -0.7523036378269418, 0.34494601498487326], [-0.4633946201507855, -0.5586560606296526, 0.6426510755372766, 0.24529253361618866]], "target": [0.869168340131504, 0.1414805127258911, 0.45993032566213915, -0.11399015996209234], "inputs": [1, 1, 1, 1], "outputs": [1, 1, 1, 1], "time_start": null, "time_complete": null, "actions": null}, {"designers": [2], "num_inputs": [4], "num_outputs": [4], "coupling": [[-0.3407707167793502, 0.28174277459663966, -0.79993168147287, -0.4057161970198641], [-0.5327779657687958, -0.23939547385869459, 0.4760770591043309, -0.6574101308025347], [-0.6090049864818893, -0.5416191374860448, -0.20601502171131203, 0.5415897406509418], [-0.47868140157848793, 0.7549566384683503, 0.3016914808207967, 0.33149184034539697]], "target": [-0.4804860983958039, 0.1373464778619448, -0.2794566998749719, -0.8198615780497862], "inputs": [2, 2, 2, 2], "outputs": [2, 2, 2, 2], "time_start": null, "time_complete": null, "actions": null}, {"designers": [3], "num_inputs": [4], "num_outputs": [4], "coupling": [[-0.427513451572445, 0.0877783023712914, -0.42744937795845644, 0.7917160145155319], [-0.5950319569999557, -0.6083108707490752, 0.5244400392744577, 0.02928309893284179], [-0.6657646450086944, 0.5967100612376846, -0.038318163512337786, -0.44634768804062164], [-0.14116180903440326, -0.5159360008557605, -0.7353784011199784, -0.416055277405928]], "target": [0.38921507322071536, -0.10574442503132941, 0.8642125240973368, 0.3007764228557433], "inputs": [3, 3, 3, 3], "outputs": [3, 3, 3, 3], "time_start": null, "time_complete": null, "actions": null}]}, {"name": "Impolite Heat (Individual)", "assignments": [[0], [1], [2], [3]], "tasks": [{"designers": [0], "num_inputs": [4], "num_outputs": [4], "coupling": [[-0.48513416055251707, 0.739620732421928, -0.457310727774189, 0.09204844756592578], [-0.6075499858690478, -0.366080836126465, -0.088321296241326, -0.6993333859624606], [-0.5641665016999737, -0.42499752843294014, 0.05321174930561095, 0.7058765960997306], [-0.27792808295517357, 0.3719181286499639, 0.8833089814038633, -0.06479297537264816]], "target": [-0.1002118014748492, -0.46846613334027165, -0.8319522976762111, 0.27991507846068847], "inputs": [0, 0, 0, 0], "outputs": [0, 0, 0, 0], "time_start": null, "time_complete": null, "actions": null}, {"designers": [1], "num_inputs": [4], "num_outputs": [4], "coupling": [[-0.6772226748027272, -0.5620681467169041, -0.3940415492766741, -0.2649152781983394], [-0.42582360940126696, 0.4295795390807186, 0.5228779280213295, -0.6006116429672307], [-0.5078526649407362, -0.054125369641628694, 0.46299917741808005, 0.7244224435948481], [-0.31957686574924354, 0.704706507995052, -0.5974627114238522, 0.21047012359327735]], "target": [-0.06154929957965072, -0.9352029799700466, 0.32797077740785857, 0.11849995418937402], "inputs": [1, 1, 1, 1], "outputs": [1, 1, 1, 1], "time_start": null, "time_complete": null, "actions": null}, {"designers": [2], "num_inputs": [4], "num_outputs": [4], "coupling": [[-0.36627258250939265, 0.5982945015664701, 0.38408047514063093, 0.6003084817932999], [-0.35249327421287996, -0.5787316814155404, -0.399582868046511, 0.6173748165615028], [-0.6220366373504338, -0.39574957104243, 0.5757621656944047, -0.35348356025193933], [-0.5955361523285959, 0.3879376333136589, -0.6010937104431898, -0.3654140599296742]], "target": [-0.49717025124745207, 0.5588847995864159, 0.057877938853471506, 0.6611502599711134], "inputs": [2, 2, 2, 2], "outputs": [2, 2, 2, 2], "time_start": null, "time_complete": null, "actions": null}, {"designers": [3], "num_inputs": [4], "num_outputs": [4], "coupling": [[-0.6674469099843459, -0.43963400412466214, -0.5948624237373216, -0.08587934323819846], [-0.17863808412280224, -0.22016770656223028, 0.22870101624150296, 0.9312950451162971], [-0.49721038241994525, 0.8531628405220334, -0.09123615694484337, 0.12872826741677057], [-0.5247712767169096, -0.1742449165881745, 0.7651865822538964, -0.32976250622938624]], "target": [-0.7826961400241941, 0.1548055635752955, 0.5696994104903501, -0.19714099412428035], "inputs": [3, 3, 3, 3], "outputs": [3, 3, 3, 3], "time_start": null, "time_complete": null, "actions": null}]}, {"name": "Chemical Rhythm (Pair)", "assignments": [[0, 1], [2, 3]], "tasks": [{"designers": [0, 1], "num_inputs": [2, 2], "num_outputs": [2, 2], "coupling": [[-0.6396671360132528, 0.3582242291681624, 0.6381581397884262, -0.2350649811504351], [-0.36956479218774996, -0.18885694601790318, 0.06971692933087825, 0.9071353085844959], [-0.5436919645614119, -0.7126979454874712, -0.27341441447613507, -0.34886278696066453], [-0.3983049926264797, 0.572774034044495, -0.716336719946089, 0.012030894816864698]], "target": [0.7251473209152035, 0.6321279879238474, -0.1544071338609554, 0.2252421072217543], "inputs": [0, 0, 1, 1], "outputs": [0, 0, 1, 1], "time_start": null, "time_complete": null, "actions": null}, {"designers": [2, 3], "num_inputs": [2, 2], "num_outputs": [2, 2], "coupling": [[-0.3738325400627111, 0.8294337276285916, -0.28440738571327134, -0.30232658238094723], [-0.45314389036508645, 0.09428515742127545, 0.8863138392354947, -0.014788579866821668], [-0.6551099610328904, -0.5503492181915174, -0.28361635529761015, -0.4330224474541363], [-0.4751218639155022, 0.016301490673271763, -0.2304820607749758, 0.8490415157648116]], "target": [-0.4738233404032788, 0.8765816555766734, -0.03591524834807897, 0.07619801921069153], "inputs": [2, 2, 3, 3], "outputs": [2, 2, 3, 3], "time_start": null, "time_complete": null, "actions": null}]}, {"name": "Noiseless Stone (Individual)", "assignments": [[0], [1], [2], [3]], "tasks": [{"designers": [0], "num_inputs": [3], "num_outputs": [3], "coupling": [[-0.5177382149042308, 0.8555378390066204, -0.0014652152271231135], [-0.7008989259147581, -0.4251376012642896, -0.5727117212374686], [-0.490599466448261, -0.2954877764292919, 0.819755535206414]], "target": [-0.9068461065777609, -0.041247469208075295, 0.41943865495288496], "inputs": [0, 0, 0], "outputs": [0, 0, 0], "time_start": null, "time_complete": null, "actions": null}, {"designers": [1], "num_inputs": [3], "num_outputs": [3], "coupling": [[-0.31629568181874596, 0.9484339441414791, 0.02073873822227824], [-0.7420661703135941, -0.23373593355398076, -0.628255769764007], [-0.5910117093078023, -0.21410410310380998, 0.7777304111934822]], "target": [0.23999012511825923, -0.9556033635724128, -0.17095891721350256], "inputs": [1, 1, 1], "outputs": [1, 1, 1], "time_start": null, "time_complete": null, "actions": null}, {"designers": [2], "num_inputs": [3], "num_outputs": [3], "coupling": [[-0.48589604774360867, -0.7360534571907501, 0.47130705378201754], [-0.659661805075008, 0.6625923501387674, 0.35470788046330093], [-0.5733684101102212, -0.13855210462179932, -0.8074973563997269]], "target": [0.4390294377227666, 0.8079340720567526, -0.39305939503162274], "inputs": [2, 2, 2], "outputs": [2, 2, 2], "time_start": null, "time_complete": null, "actions": null}, {"designers": [3], "num_inputs": [3], "num_outputs": [3], "coupling": [[-0.5327854066903426, 0.6499073926739849, 0.5419963942366305], [-0.39473054584035844, 0.37566927356194335, -0.8384869665546474], [-0.7485502699207172, -0.6606761520209009, 0.05638719316012057]], "target": [-0.3086943155034465, 0.5865126168880369, 0.7488062298131641], "inputs": [3, 3, 3], "outputs": [3, 3, 3], "time_start": null, "time_complete": null, "actions": null}]}, {"name": "Chief Government (Pair)", "assignments": [[0, 1], [2, 3]], "tasks": [{"designers": [0, 1], "num_inputs": [2, 2], "num_outputs": [2, 2], "coupling": [[-0.5778745744855314, 0.15354085364657594, 0.5200173530135191, -0.609973880579701], [-0.24724164035225193, 0.045619711046487633, 0.6013617733807349, 0.758389366194134], [-0.4120801103481408, -0.8981514661663001, -0.1486685232591543, 0.03757122131008453], [-0.659638181198267, 0.40947282211258, -0.5880847220198231, 0.22664032647229604]], "target": [0.2934696724049102, -0.6085187297980688, 0.7186771738370553, -0.16457103836666498], "inputs": [0, 0, 1, 1], "outputs": [0, 0, 1, 1], "time_start": null, "time_complete": null, "actions": null}, {"designers": [2, 3], "num_inputs": [2, 2], "num_outputs": [2, 2], "coupling": [[-0.3587882151637601, -0.3799197042288487, 0.6370574799796145, -0.5666478643745949], [-0.48131202748323243, -0.06938608861417526, -0.7340635794998918, -0.473998907339048], [-0.5442034092068452, 0.8021936776868768, 0.2351138515280732, 0.07105933933329685], [-0.5860481194127578, -0.4553371196428995, -0.005468571427987679, 0.6702132525805607]], "target": [-0.58985422710173, -0.28661295823954136, -0.6445095009145616, 0.39310622759028174], "inputs": [2, 2, 3, 3], "outputs": [2, 2, 3, 3], "time_start": null, "time_complete": null, "actions": null}]}, {"name": "Husky Verse (Pair)", "assignments": [[0, 1], [2, 3]], "tasks": [{"designers": [0, 1], "num_inputs": [2, 2], "num_outputs": [2, 2], "coupling": [[-0.385118565920159, -0.3463863676696052, 0.5843347020219594, 0.6247024335547001], [-0.5439683074912526, 0.13755648545429425, -0.7177611219576582, 0.4123053062484743], [-0.5300460739645726, 0.706059044218199, 0.37351102111371687, -0.2846424119118833], [-0.5242454864883864, -0.6021422786018288, -0.06214052563005996, -0.5989406492225855]], "target": [0.5431113113720769, -0.5977794376776961, 0.39286646950393955, 0.43971102384287625], "inputs": [0, 0, 1, 1], "outputs": [0, 0, 1, 1], "time_start": null, "time_complete": null, "actions": null}, {"designers": [2, 3], "num_inputs": [2, 2], "num_outputs": [2, 2], "coupling": [[-0.455666164806041, 0.16143583333527123, 0.3018042127806901, -0.8217183429339571], [-0.5512359664339627, -0.8212631696489319, -0.10072020362473749, 0.10733664830613145], [-0.5095960275189069, 0.44483848094261386, -0.729389555088632, 0.10208570682139562], [-0.47835044088776313, 0.3187224556980601, 0.6056075748017249, 0.5503056580474653]], "target": [0.1536780741911019, 0.7018823674693779, 0.016869105608696422, 0.6953126095681411], "inputs": [2, 2, 3, 3], "outputs": [2, 2, 3, 3], "time_start": null, "time_complete": null, "actions": null}]}, {"name": "Thinkable Ink (Pair)", "assignments": [[0, 1], [2, 3]], "tasks": [{"designers": [0, 1], "num_inputs": [1, 1], "num_outputs": [1, 1], "coupling": [[-0.7836783634442791, -0.6211668235420309], [-0.6211668235420309, 0.783678363444279]], "target": [-0.25132864952208056, -0.9679018079998649], "inputs": [0, 1], "outputs": [0, 1], "time_start": null, "time_complete": null, "actions": null}, {"designers": [2, 3], "num_inputs": [1, 1], "num_outputs": [1, 1], "coupling": [[-0.4847737264595235, -0.8746396024275069], [-0.8746396024275069, 0.48477372645952355]], "target": [-0.6761187471277785, -0.7367926708256284], "inputs": [2, 3], "outputs": [2, 3], "time_start": null, "time_complete": null, "actions": null}]}, {"name": "Better Behavior (Pair)", "assignments": [[0, 1], [2, 3]], "tasks": [{"designers": [0, 1], "num_inputs": [2, 1], "num_outputs": [2, 1], "coupling": [[-0.6377896663675902, 0.30039796591660667, -0.7092146385600646], [-0.45410711903653045, -0.8903994877248855, 0.031232622361948306], [-0.6221021346331006, 0.34197926009105717, 0.704300447076752]], "target": [0.29988024680487024, -0.6314478091426653, 0.715084262101452], "inputs": [0, 0, 1], "outputs": [0, 0, 1], "time_start": null, "time_complete": null, "actions": null}, {"designers": [2, 3], "num_inputs": [2, 1], "num_outputs": [2, 1], "coupling": [[-0.8591614972935183, 0.438767290683206, -0.2632960048972994], [-0.40281887433802266, -0.8972498275592792, -0.1807752787908016], [-0.31556057428869033, -0.049254558889129774, 0.9476262514215342]], "target": [-0.01250135510269934, -0.781558803323657, -0.623706303533874], "inputs": [2, 2, 3], "outputs": [2, 2, 3], "time_start": null, "time_complete": null, "actions": null}]}]}