{"name": "experiment006", "num_designers": 4, "error_tol": 0.05, "training": [{"name": "Training Task 1/5 (Individual)", "assignments": [[0], [1], [2], [3]], "tasks": [{"designers": [0], "num_inputs": [1], "num_outputs": [1], "coupling": [[1.0]], "target": [1.0], "inputs": [0], "outputs": [0], "time_start": null, "time_complete": null, "actions": null, "score": null}, {"designers": [1], "num_inputs": [1], "num_outputs": [1], "coupling": [[1.0]], "target": [1.0], "inputs": [1], "outputs": [1], "time_start": null, "time_complete": null, "actions": null, "score": null}, {"designers": [2], "num_inputs": [1], "num_outputs": [1], "coupling": [[1.0]], "target": [1.0], "inputs": [2], "outputs": [2], "time_start": null, "time_complete": null, "actions": null, "score": null}, {"designers": [3], "num_inputs": [1], "num_outputs": [1], "coupling": [[1.0]], "target": [1.0], "inputs": [3], "outputs": [3], "time_start": null, "time_complete": null, "actions": null, "score": null}], "max_time": null}, {"name": "Training Task 2/5 (Individual)", "assignments": [[0], [1], [2], [3]], "tasks": [{"designers": [0], "num_inputs": [2], "num_outputs": [2], "coupling": [[0.31891251362385126, 0.9477841572078087], [0.947784157207809, -0.3189125136238514]], "target": [0.8595308862163946, -0.5110838049088033], "inputs": [0, 0], "outputs": [0, 0], "time_start": null, "time_complete": null, "actions": null, "score": null}, {"designers": [1], "num_inputs": [2], "num_outputs": [2], "coupling": [[-0.5101187259627182, -0.8601039968644334], [-0.8601039968644333, 0.5101187259627183]], "target": [0.39247862376478304, -0.9197611265365057], "inputs": [1, 1], "outputs": [1, 1], "time_start": null, "time_complete": null, "actions": null, "score": null}, {"designers": [2], "num_inputs": [2], "num_outputs": [2], "coupling": [[-0.7301982288595251, -0.6832353522545598], [-0.6832353522545598, 0.7301982288595251]], "target": [0.8280699965768155, -0.560624723651457], "inputs": [2, 2], "outputs": [2, 2], "time_start": null, "time_complete": null, "actions": null, "score": null}, {"designers": [3], "num_inputs": [2], "num_outputs": [2], "coupling": [[-0.1607151509709939, -0.9870008309258762], [-0.9870008309258762, 0.16071515097099426]], "target": [-0.6229667461745483, 0.7822483193722414], "inputs": [3, 3], "outputs": [3, 3], "time_start": null, "time_complete": null, "actions": null, "score": null}], "max_time": null}, {"name": "Training Task 3/5 (Pair)", "assignments": [[0, 1], [2, 3]], "tasks": [{"designers": [0, 1], "num_inputs": [1, 1], "num_outputs": [1, 1], "coupling": [[1, 0], [0, 1]], "target": [0.6473209553062544, -0.7622175416647127], "inputs": [0, 1], "outputs": [0, 1], "time_start": null, "time_complete": null, "actions": null, "score": null}, {"designers": [2, 3], "num_inputs": [1, 1], "num_outputs": [1, 1], "coupling": [[-1, 0], [0, 1]], "target": [0.9786752569805726, -0.20541358614758237], "inputs": [2, 3], "outputs": [2, 3], "time_start": null, "time_complete": null, "actions": null, "score": null}], "max_time": null}, {"name": "Training Task 4/5 (Pair)", "assignments": [[0, 1], [2, 3]], "tasks": [{"designers": [0, 1], "num_inputs": [1, 1], "num_outputs": [1, 1], "coupling": [[-0.7326099966210327, -0.6806486559532241], [-0.680648655953224, 0.7326099966210328]], "target": [0.962104983835776, 0.2726792989545798], "inputs": [0, 1], "outputs": [0, 1], "time_start": null, "time_complete": null, "actions": null, "score": null}, {"designers": [2, 3], "num_inputs": [1, 1], "num_outputs": [1, 1], "coupling": [[-0.6933463153667996, -0.7206045288279016], [-0.7206045288279016, 0.6933463153667997]], "target": [-0.28659900687977924, -0.9580506297975719], "inputs": [2, 3], "outputs": [2, 3], "time_start": null, "time_complete": null, "actions": null, "score": null}], "max_time": null}, {"name": "Training Task 5/5 (Pair)", "assignments": [[0, 1], [2, 3]], "tasks": [{"designers": [0, 1], "num_inputs": [2, 1], "num_outputs": [2, 1], "coupling": [[-0.6211366609275538, -0.7342319364581488, -0.2740304945378991], [-0.31756267770429, -0.08386694305189193, 0.9445211917116586], [-0.7164797234961013, 0.6736985968131799, -0.18107182682820236]], "target": [-0.093922135932762, 0.5285678805736183, -0.8436792210358988], "inputs": [0, 0, 1], "outputs": [0, 0, 1], "time_start": null, "time_complete": null, "actions": null, "score": null}, {"designers": [2, 3], "num_inputs": [2, 1], "num_outputs": [2, 1], "coupling": [[-0.7467432896558069, 0.34730105766088337, -0.5672357840454499], [-0.41833201275824217, -0.9082781721560006, -0.0053934299469427195], [-0.5170810250392702, 0.2332653796271245, 0.8235377806826784]], "target": [-0.2205542170588357, 0.6638996712016227, 0.714557950005415], "inputs": [2, 2, 3], "outputs": [2, 2, 3], "time_start": null, "time_complete": null, "actions": null, "score": null}], "max_time": null}], "rounds": [{"name": "Economic Motion (Individual)", "assignments": [[0], [1], [2], [3]], "tasks": [{"designers": [0], "num_inputs": [2], "num_outputs": [2], "coupling": [[-0.9655289509897281, -0.26029568724947266], [-0.2602956872494728, 0.965528950989728]], "target": [0.7120188489349384, 0.7021603511744063], "inputs": [0, 0], "outputs": [0, 0], "time_start": null, "time_complete": null, "actions": null, "score": null}, {"designers": [1], "num_inputs": [2], "num_outputs": [2], "coupling": [[0.7531783587762538, 0.6578163572541421], [0.657816357254142, -0.7531783587762536]], "target": [0.3382205176470241, -0.9410668846806688], "inputs": [1, 1], "outputs": [1, 1], "time_start": null, "time_complete": null, "actions": null, "score": null}, {"designers": [2], "num_inputs": [2], "num_outputs": [2], "coupling": [[-0.7328939118478499, -0.6803429385070117], [-0.6803429385070117, 0.73289391184785]], "target": [0.9479815682589989, -0.31832522086886084], "inputs": [2, 2], "outputs": [2, 2], "time_start": null, "time_complete": null, "actions": null, "score": null}, {"designers": [3], "num_inputs": [2], "num_outputs": [2], "coupling": [[-0.8728380361704872, -0.4880100025758155], [-0.48801000257581556, 0.8728380361704872]], "target": [-0.4470504483594815, -0.8945087459726632], "inputs": [3, 3], "outputs": [3, 3], "time_start": null, "time_complete": null, "actions": null, "score": null}], "max_time": 120000}, {"name": "Towering Test (Pair)", "assignments": [[0, 1], [2, 3]], "tasks": [{"designers": [0, 1], "num_inputs": [1, 1], "num_outputs": [1, 1], "coupling": [[-0.11017003859326925, -0.9939127540163462], [-0.9939127540163462, 0.11017003859326925]], "target": [-0.5384787831589168, -0.8426390686929324], "inputs": [0, 1], "outputs": [0, 1], "time_start": null, "time_complete": null, "actions": null, "score": null}, {"designers": [2, 3], "num_inputs": [1, 1], "num_outputs": [1, 1], "coupling": [[-0.7960095903066963, -0.6052840094862626], [-0.6052840094862626, 0.796009590306696]], "target": [0.7577127638591286, -0.6525882066701484], "inputs": [2, 3], "outputs": [2, 3], "time_start": null, "time_complete": null, "actions": null, "score": null}], "max_time": 180000}, {"name": "Staking System (Pair)", "assignments": [[0, 1], [2, 3]], "tasks": [{"designers": [0, 1], "num_inputs": [1, 1], "num_outputs": [1, 1], "coupling": [[-0.7951268828748108, -0.6064431054351158], [-0.6064431054351158, 0.7951268828748109]], "target": [0.9725416594656502, -0.23272885640547333], "inputs": [0, 1], "outputs": [0, 1], "time_start": null, "time_complete": null, "actions": null, "score": null}, {"designers": [2, 3], "num_inputs": [1, 1], "num_outputs": [1, 1], "coupling": [[-0.6782270374901399, -0.7348524243801262], [-0.7348524243801261, 0.6782270374901396]], "target": [-0.9068377772738956, -0.4214798283535528], "inputs": [2, 3], "outputs": [2, 3], "time_start": null, "time_complete": null, "actions": null, "score": null}], "max_time": 180000}, {"name": "Flat Sleep (Individual)", "assignments": [[0], [1], [2], [3]], "tasks": [{"designers": [0], "num_inputs": [2], "num_outputs": [2], "coupling": [[-0.97440907427122, -0.22478201880467213], [-0.22478201880467216, 0.9744090742712199]], "target": [0.16386289416046762, 0.9864831229764428], "inputs": [0, 0], "outputs": [0, 0], "time_start": null, "time_complete": null, "actions": null, "score": null}, {"designers": [1], "num_inputs": [2], "num_outputs": [2], "coupling": [[-0.7724660236142249, -0.6350560938701617], [-0.6350560938701617, 0.7724660236142251]], "target": [0.49097231662732854, 0.871175174293663], "inputs": [1, 1], "outputs": [1, 1], "time_start": null, "time_complete": null, "actions": null, "score": null}, {"designers": [2], "num_inputs": [2], "num_outputs": [2], "coupling": [[-0.7689318684890224, -0.6393307294522771], [-0.6393307294522772, 0.7689318684890225]], "target": [-0.4023973573792896, 0.9154651095340359], "inputs": [2, 2], "outputs": [2, 2], "time_start": null, "time_complete": null, "actions": null, "score": null}, {"designers": [3], "num_inputs": [2], "num_outputs": [2], "coupling": [[-0.28037118857035664, -0.9598916587926192], [-0.9598916587926192, 0.28037118857035603]], "target": [-0.8610111629488022, -0.5085860569043854], "inputs": [3, 3], "outputs": [3, 3], "time_start": null, "time_complete": null, "actions": null, "score": null}], "max_time": 120000}, {"name": "Hallowed Sign (Pair)", "assignments": [[1, 0], [3, 2]], "tasks": [{"designers": [1, 0], "num_inputs": [2, 1], "num_outputs": [2, 1], "coupling": [[-0.6626045545421811, 0.18685428672673832, -0.7252866190905489], [-0.10798649073361259, -0.9820954210466788, -0.15436159424606252], [-0.7411437931461049, -0.023959538622198566, 0.6709186376827034]], "target": [0.6695993299788723, -0.703726923912352, 0.2374976923102701], "inputs": [1, 1, 0], "outputs": [1, 1, 0], "time_start": null, "time_complete": null, "actions": null, "score": null}, {"designers": [3, 2], "num_inputs": [2, 1], "num_outputs": [2, 1], "coupling": [[-0.49910822952450257, -0.13124395125240346, -0.8565430523216991], [-0.5945930595352568, -0.6671796937188631, 0.4486985066185383], [-0.6303570962346813, 0.7332436713322933, 0.25495813318605914]], "target": [-0.5966862444008476, 0.7886946598822381, 0.14807518095903952], "inputs": [3, 3, 2], "outputs": [3, 3, 2], "time_start": null, "time_complete": null, "actions": null, "score": null}], "max_time": 600000}, {"name": "Thinkable Ink (Pair)", "assignments": [[0, 1], [2, 3]], "tasks": [{"designers": [0, 1], "num_inputs": [1, 1], "num_outputs": [1, 1], "coupling": [[-0.3403157369593143, -0.940311224636736], [-0.9403112246367361, 0.34031573695931455]], "target": [-0.8529614047442848, 0.5219739859577831], "inputs": [0, 1], "outputs": [0, 1], "time_start": null, "time_complete": null, "actions": null, "score": null}, {"designers": [2, 3], "num_inputs": [1, 1], "num_outputs": [1, 1], "coupling": [[-0.9324471227152956, -0.36130646733758703], [-0.3613064673375871, 0.9324471227152954]], "target": [-0.789736222015637, 0.6134465743945995], "inputs": [2, 3], "outputs": [2, 3], "time_start": null, "time_complete": null, "actions": null, "score": null}], "max_time": 180000}, {"name": "Absorbed Copper (Pair)", "assignments": [[1, 0], [3, 2]], "tasks": [{"designers": [1, 0], "num_inputs": [2, 1], "num_outputs": [2, 1], "coupling": [[-0.7253761437852002, 0.6777126772292182, 0.12056109301975207], [-0.2717313986301917, -0.12100031809027793, -0.9547360734886534], [-0.6324488098066053, -0.7253030057464649, 0.27192655778601554]], "target": [0.768307497856374, 0.6357983975363738, 0.07391878264593592], "inputs": [1, 1, 0], "outputs": [1, 1, 0], "time_start": null, "time_complete": null, "actions": null, "score": null}, {"designers": [3, 2], "num_inputs": [2, 1], "num_outputs": [2, 1], "coupling": [[-0.7729131504943685, 0.4255505889113669, -0.470650568968166], [-0.5171729322556882, -0.8522523678473678, 0.07872775648148976], [-0.36761041869746164, 0.3042574531145362, 0.8788003085396208]], "target": [-0.19500797919443014, 0.604391781578449, 0.7724522395662613], "inputs": [3, 3, 2], "outputs": [3, 3, 2], "time_start": null, "time_complete": null, "actions": null, "score": null}], "max_time": 600000}, {"name": "Better Behavior (Pair)", "assignments": [[0, 1], [2, 3]], "tasks": [{"designers": [0, 1], "num_inputs": [2, 1], "num_outputs": [2, 1], "coupling": [[-0.23087274638447158, 0.7362826093515172, -0.6360705103551121], [-0.7131547383597806, -0.5727707931095081, -0.4041583077405414], [-0.6618973441039663, 0.3603075599085128, 0.6573205976849418]], "target": [-0.14947305975533198, -0.9658829457244273, 0.21148980960339878], "inputs": [0, 0, 1], "outputs": [0, 0, 1], "time_start": null, "time_complete": null, "actions": null, "score": null}, {"designers": [2, 3], "num_inputs": [2, 1], "num_outputs": [2, 1], "coupling": [[-0.6718691644866815, -0.7104849854803731, -0.20929145042003539], [-0.6307266314612762, 0.40068343934665995, 0.6645575203086961], [-0.3882985219872461, 0.578501397440218, -0.7173286492133402]], "target": [0.04133567438807462, 0.4456034593772227, 0.8942756392823942], "inputs": [2, 2, 3], "outputs": [2, 2, 3], "time_start": null, "time_complete": null, "actions": null, "score": null}], "max_time": 600000}, {"name": "Impolite Heat (Individual)", "assignments": [[0], [1], [2], [3]], "tasks": [{"designers": [0], "num_inputs": [4], "num_outputs": [4], "coupling": [[-0.4577205031886697, -0.2752756101980613, 0.8295012721913003, 0.16322658736802514], [-0.5308050320517363, -0.6292592998044985, -0.42843229317515086, -0.37245740927358395], [-0.5841462638984122, 0.7204935199280427, -0.009719072639242696, -0.37358770020205345], [-0.40928120074441937, 0.09563032877355031, -0.3581605076285354, 0.8337054574075542]], "target": [0.6476084595799607, -0.5997276136385383, 0.46649486012398533, 0.057555347256338714], "inputs": [0, 0, 0, 0], "outputs": [0, 0, 0, 0], "time_start": null, "time_complete": null, "actions": null, "score": null}, {"designers": [1], "num_inputs": [4], "num_outputs": [4], "coupling": [[-0.18949776374672894, 0.44840420169148837, 0.48625917611988984, -0.7256557607292963], [-0.4683020589508583, 0.6288559824933463, -0.612488479542186, 0.10045495155947372], [-0.6834985006721711, -0.06837166689226543, 0.5333596267756051, 0.49364220167146794], [-0.5268904807417474, -0.6315054555220571, -0.3223932142479023, -0.46866821564569094]], "target": [0.6236675490623371, -0.4518046263038035, 0.40203702490723814, 0.4952550842755627], "inputs": [1, 1, 1, 1], "outputs": [1, 1, 1, 1], "time_start": null, "time_complete": null, "actions": null, "score": null}, {"designers": [2], "num_inputs": [4], "num_outputs": [4], "coupling": [[-0.5836672789542031, -0.6792735911077769, 0.4439332646623398, -0.029037087112492473], [-0.5461176922653906, 0.02786374908529514, -0.64007946991755, 0.5397011671950543], [-0.35465123993712555, 0.07755668230424981, -0.40257539995907, -0.8403216684037201], [-0.48508810713516815, 0.7292434167960756, 0.4807853742202432, 0.04170121474856221]], "target": [0.010955354741282619, 0.9483856186367606, -0.037012794764911414, 0.31476142010918734], "inputs": [2, 2, 2, 2], "outputs": [2, 2, 2, 2], "time_start": null, "time_complete": null, "actions": null, "score": null}, {"designers": [3], "num_inputs": [4], "num_outputs": [4], "coupling": [[-0.31713608898360945, -0.41793211025441684, -0.7177683362563789, -0.4577838657600551], [-0.29463283408898133, -0.44446470527152754, -0.1428199345293795, 0.8338135793722795], [-0.5872698559330294, 0.7491432316007927, -0.2696083912688551, 0.14563601963985656], [-0.6839081155047617, -0.2580083245418756, 0.6258773019739522, -0.2719908029467656]], "target": [-0.3077372749956351, -0.23556496892052378, 0.18810999462181444, -0.9024530707572084], "inputs": [3, 3, 3, 3], "outputs": [3, 3, 3, 3], "time_start": null, "time_complete": null, "actions": null, "score": null}], "max_time": 600000}, {"name": "Husky Verse (Pair)", "assignments": [[0, 1], [2, 3]], "tasks": [{"designers": [0, 1], "num_inputs": [2, 2], "num_outputs": [2, 2], "coupling": [[-0.5805792189081044, -0.2152222219865226, 0.7808515529186258, -0.08293381722681137], [-0.3301379970772033, -0.8131544367308281, -0.4529115352665157, 0.15703472906765176], [-0.5581610088112673, 0.3208070265664843, -0.39611696857905077, -0.6546987758901821], [-0.4923341971676322, 0.4353643404020661, -0.16802779749446603, 0.7347323245065076]], "target": [0.48562276624201783, 0.1517660391767349, 0.5371108949813858, -0.6727923043201007], "inputs": [0, 0, 1, 1], "outputs": [0, 0, 1, 1], "time_start": null, "time_complete": null, "actions": null, "score": null}, {"designers": [2, 3], "num_inputs": [2, 2], "num_outputs": [2, 2], "coupling": [[-0.23958169994917447, -0.0418503121764833, -0.7913682823396011, -0.5608791332605134], [-0.4450364522258741, 0.6653336961169771, 0.4096602903315252, -0.437552368896593], [-0.6754438473057052, -0.6749492618330243, 0.2889395751210424, -0.06879698406758179], [-0.5369532329510074, 0.31626431688242845, -0.34989799965308793, 0.6994494244254691]], "target": [-0.04961397813008572, 0.6612611514218412, -0.6025186801025132, -0.4441209102506811], "inputs": [2, 2, 3, 3], "outputs": [2, 2, 3, 3], "time_start": null, "time_complete": null, "actions": null, "score": null}], "max_time": 1200000}, {"name": "Noiseless Stone (Individual)", "assignments": [[0], [1], [2], [3]], "tasks": [{"designers": [0], "num_inputs": [3], "num_outputs": [3], "coupling": [[-0.8592828399433268, 0.5114922251461298, -0.002950354892664262], [-0.4569076440486944, -0.7701506423326991, -0.44508807322192134], [-0.2299313066739789, -0.381108503879921, 0.8954819386685613]], "target": [0.6400072921038369, -0.6276889085638163, 0.44316735001563395], "inputs": [0, 0, 0], "outputs": [0, 0, 0], "time_start": null, "time_complete": null, "actions": null, "score": null}, {"designers": [1], "num_inputs": [3], "num_outputs": [3], "coupling": [[-0.6400481562969222, 0.29226414373660614, -0.7105772497813445], [-0.6145169632701024, -0.7498633417102558, 0.24509971565144567], [-0.4612019725393668, 0.5935373948160602, 0.6595499234180543]], "target": [0.5196601045758802, -0.7201314092663526, -0.459743547100166], "inputs": [1, 1, 1], "outputs": [1, 1, 1], "time_start": null, "time_complete": null, "actions": null, "score": null}, {"designers": [2], "num_inputs": [3], "num_outputs": [3], "coupling": [[-0.30872468188106567, -0.19706986526508247, -0.9305119768180514], [-0.5832194277918047, -0.7335864594353358, 0.3488638782954298], [-0.751361544027664, 0.6503955525197959, 0.11154127226652154]], "target": [-0.1484895117631615, 0.14214424539030165, 0.9786449194670965], "inputs": [2, 2, 2], "outputs": [2, 2, 2], "time_start": null, "time_complete": null, "actions": null, "score": null}, {"designers": [3], "num_inputs": [3], "num_outputs": [3], "coupling": [[-0.7909920016374594, 0.5311959828560139, 0.303582741840176], [-0.42505833895205875, -0.12021806236811808, -0.8971471595941057], [-0.4400648382146455, -0.8386766035118, 0.3208808079163181]], "target": [-0.1005018298397704, -0.9012031267205652, -0.42158309570941593], "inputs": [3, 3, 3], "outputs": [3, 3, 3], "time_start": null, "time_complete": null, "actions": null, "score": null}], "max_time": 240000}, {"name": "Unwritten Experience (Individual)", "assignments": [[0], [1], [2], [3]], "tasks": [{"designers": [0], "num_inputs": [3], "num_outputs": [3], "coupling": [[-0.6406331073247675, 0.48150334741655765, -0.5981168349294836], [-0.44225262219663136, -0.868156429970399, -0.22520442105175295], [-0.627695658707002, 0.12024533058585404, 0.7691158693673417]], "target": [0.8612759849030862, -0.49128496776421293, -0.1297796527893903], "inputs": [0, 0, 0], "outputs": [0, 0, 0], "time_start": null, "time_complete": null, "actions": null, "score": null}, {"designers": [1], "num_inputs": [3], "num_outputs": [3], "coupling": [[-0.6008933937751462, 0.7561946467034655, 0.25903047236649335], [-0.7305181377297082, -0.3879916648641146, -0.5619659406439966], [-0.3244539717206538, -0.5269080795480307, 0.7855555333276569]], "target": [0.9879167382005016, 0.12102868199823284, 0.09681206803416707], "inputs": [1, 1, 1], "outputs": [1, 1, 1], "time_start": null, "time_complete": null, "actions": null, "score": null}, {"designers": [2], "num_inputs": [3], "num_outputs": [3], "coupling": [[-0.6390120327216645, 0.6962214144872602, 0.32701584678159656], [-0.5140662288864931, -0.0702937321502467, -0.8548653130983903], [-0.5721883731389044, -0.7143770245673836, 0.40282245768440744]], "target": [-0.7817059111905005, -0.5344284327323011, 0.3214375813390926], "inputs": [2, 2, 2], "outputs": [2, 2, 2], "time_start": null, "time_complete": null, "actions": null, "score": null}, {"designers": [3], "num_inputs": [3], "num_outputs": [3], "coupling": [[-0.554286795527787, 0.6106914008820402, -0.5655282143202653], [-0.6918086691770446, -0.7158145529595373, -0.09492255276183957], [-0.4627817126410935, 0.33862300373729576, 0.8192481600741669]], "target": [-0.48504679255005567, -0.579023348667779, 0.6553331753653674], "inputs": [3, 3, 3], "outputs": [3, 3, 3], "time_start": null, "time_complete": null, "actions": null, "score": null}], "max_time": 240000}]}