{"name": "experiment005", "num_designers": 4, "error_tol": 0.05, "training": [{"name": "Training Task 1/5 (Individual)", "assignments": [[0], [1], [2], [3]], "tasks": [{"designers": [0], "num_inputs": [1], "num_outputs": [1], "coupling": [[1.0]], "target": [-1.0], "inputs": [0], "outputs": [0]}, {"designers": [1], "num_inputs": [1], "num_outputs": [1], "coupling": [[1.0]], "target": [-1.0], "inputs": [1], "outputs": [1]}, {"designers": [2], "num_inputs": [1], "num_outputs": [1], "coupling": [[1.0]], "target": [1.0], "inputs": [2], "outputs": [2]}, {"designers": [3], "num_inputs": [1], "num_outputs": [1], "coupling": [[1.0]], "target": [1.0], "inputs": [3], "outputs": [3]}]}, {"name": "Training Task 2/5 (Individual)", "assignments": [[0], [1], [2], [3]], "tasks": [{"designers": [0], "num_inputs": [2], "num_outputs": [2], "coupling": [[-0.7150846483696373, -0.699037871410464], [-0.699037871410464, 0.7150846483696371]], "target": [-0.9879580260106569, -0.1547221342960572], "inputs": [0, 0], "outputs": [0, 0]}, {"designers": [1], "num_inputs": [2], "num_outputs": [2], "coupling": [[-0.9652118708224031, -0.26146901235809106], [-0.26146901235809095, 0.9652118708224036]], "target": [0.6090970508526945, 0.7930956957659968], "inputs": [1, 1], "outputs": [1, 1]}, {"designers": [2], "num_inputs": [2], "num_outputs": [2], "coupling": [[-0.7996788188782523, -0.6004280028758509], [-0.6004280028758507, 0.7996788188782525]], "target": [0.39296506431609846, 0.9195534015091478], "inputs": [2, 2], "outputs": [2, 2]}, {"designers": [3], "num_inputs": [2], "num_outputs": [2], "coupling": [[-0.6986015292452771, -0.7155109386558398], [-0.7155109386558398, 0.6986015292452767]], "target": [0.2653502483115673, -0.9641520864059722], "inputs": [3, 3], "outputs": [3, 3]}]}, {"name": "Training Task 3/5 (Pair)", "assignments": [[0, 1], [2, 3]], "tasks": [{"designers": [0, 1], "num_inputs": [1, 1], "num_outputs": [1, 1], "coupling": [[-0.874412573813239, -0.4851831105441598], [-0.48518311054415975, 0.8744125738132391]], "target": [0.3833816326267374, 0.9235900193075158], "inputs": [0, 1], "outputs": [0, 1]}, {"designers": [2, 3], "num_inputs": [1, 1], "num_outputs": [1, 1], "coupling": [[-0.16560507011290937, -0.9861921520438592], [-0.9861921520438591, 0.16560507011290948]], "target": [0.5857946306717929, -0.8104595305603469], "inputs": [2, 3], "outputs": [2, 3]}]}, {"name": "Training Task 4/5 (Pair)", "assignments": [[0, 1], [2, 3]], "tasks": [{"designers": [0, 1], "num_inputs": [2, 1], "num_outputs": [2, 1], "coupling": [[-0.45021452578267557, 0.8784617327264858, 0.1600370735469155], [-0.14015532640978667, 0.10748452018673134, -0.9842781936013792], [-0.8818522354982422, -0.46556638845110837, 0.07472999860393977]], "target": [-0.7288608729229418, -0.4276111452805357, -0.534706027976005], "inputs": [0, 0, 1], "outputs": [0, 0, 1]}, {"designers": [2, 3], "num_inputs": [2, 1], "num_outputs": [2, 1], "coupling": [[-0.6220748493724052, 0.1564485290688029, -0.7671679995480177], [-0.6340744641987484, -0.6754779368191812, 0.3764028835192055], [-0.45931738006455786, 0.7205924053323838, 0.5193978530451585]], "target": [0.744628874316603, -0.5058433637252888, 0.4354886116870039], "inputs": [2, 2, 3], "outputs": [2, 2, 3]}]}, {"name": "Training Task 5/5 (Pair)", "assignments": [[1, 0], [3, 2]], "tasks": [{"designers": [1, 0], "num_inputs": [2, 1], "num_outputs": [2, 1], "coupling": [[-0.5572268852757114, -0.3667978143914203, -0.7449547380100392], [-0.4489802056126169, -0.6215981186995555, 0.6418976194045475], [-0.6985091075240046, 0.6921525425705305, 0.18168622545247679]], "target": [0.12319245524782674, 0.9615273208542692, 0.24553783867425305], "inputs": [1, 1, 0], "outputs": [1, 1, 0]}, {"designers": [3, 2], "num_inputs": [2, 1], "num_outputs": [2, 1], "coupling": [[-0.5243932960924373, 0.8510534567423998, 0.02682694131133456], [-0.6301331221684684, -0.3666937226084744, -0.6844471945634356], [-0.5726638799151974, -0.37582406464508317, 0.7285687016844196]], "target": [-0.6906858320580285, -0.29342716877035474, -0.6609489980488072], "inputs": [3, 3, 2], "outputs": [3, 3, 2]}]}], "rounds": [{"name": "Arrogant Flame (Individual)", "assignments": [[0], [1], [2], [3]], "tasks": [{"designers": [0], "num_inputs": [4], "num_outputs": [4], "coupling": [[-0.6640573967891356, 0.2119778754344488, 0.7054527631410042, 0.12817781817715143], [-0.49345181247438946, -0.739323622036997, -0.16465801968998028, -0.4275437138066807], [-0.5055684411534849, 0.5766334560296532, -0.6172062736218478, -0.1759284641516697], [-0.244813467450244, -0.2756080906136283, -0.3070513822315857, 0.8773972847079996]], "target": [0.8189091821770351, -0.5049717861922213, -0.22194415074538604, 0.15853088167888973], "inputs": [0, 0, 0, 0], "outputs": [0, 0, 0, 0]}, {"designers": [1], "num_inputs": [4], "num_outputs": [4], "coupling": [[-0.30616113096256314, -0.7968520018668913, -0.23822127064425813, -0.4631877321573698], [-0.5290524309252728, -0.3124354765252226, 0.364375438224105, 0.6997986412958432], [-0.5121091042237764, 0.3326127001201863, -0.7745960410630881, 0.16466338469517525], [-0.6034178921700164, 0.39595422948611564, 0.45878332511221204, -0.5182904168129427]], "target": [-0.2631390608497082, -0.5884201173033865, 0.46946374451998757, 0.603426377273213], "inputs": [1, 1, 1, 1], "outputs": [1, 1, 1, 1]}, {"designers": [2], "num_inputs": [4], "num_outputs": [4], "coupling": [[-0.6618267668247932, 0.32698380875381733, -0.26158425641429045, -0.6218043070961078], [-0.49183366122459576, -0.8093830575625912, 0.3188767971411283, -0.03628090492335043], [-0.485234399559595, 0.08657523332352236, -0.4435045554932143, 0.7485693125661665], [-0.2909167542179203, 0.480088933343039, 0.7957354926720092, 0.22734793577001872]], "target": [0.8152629225316661, 0.08984047143129172, -0.4414098171036995, 0.3639126683733448], "inputs": [2, 2, 2, 2], "outputs": [2, 2, 2, 2]}, {"designers": [3], "num_inputs": [4], "num_outputs": [4], "coupling": [[-0.32759579162881064, 0.1758826526855476, -0.7961938600787493, -0.477306638298997], [-0.4393852207502851, 0.24932371134901243, -0.25786202755260723, 0.8235808943217636], [-0.5745553156124008, 0.5393901322853306, 0.5365044549147137, -0.30184009732209954], [-0.6078715443207154, -0.7848319977145833, 0.10837657392640554, -0.05277726018333909]], "target": [0.004785640418718984, 0.5553552959929056, 0.7623533265503625, -0.33222732933341237], "inputs": [3, 3, 3, 3], "outputs": [3, 3, 3, 3]}]}, {"name": "Chief Government (Pair)", "assignments": [[0, 1], [2, 3]], "tasks": [{"designers": [0, 1], "num_inputs": [2, 2], "num_outputs": [2, 2], "coupling": [[-0.5598913729715365, 0.4286045260698106, 0.47674562141759586, -0.5249127767197816], [-0.19147523733960506, -0.8623920822461031, 0.035982314389827345, -0.4672498293377157], [-0.4527772083573124, 0.1570933680749184, -0.8609163460940409, -0.17069715383427628], [-0.6669720260625241, -0.21886007040705716, 0.17390207169090188, 0.6906566842455679]], "target": [-0.4893780051805263, 0.4782313530207918, 0.5468254532164426, -0.48247887492413966], "inputs": [0, 0, 1, 1], "outputs": [0, 0, 1, 1]}, {"designers": [2, 3], "num_inputs": [2, 2], "num_outputs": [2, 2], "coupling": [[-0.5882584972593305, -0.37652713146250794, 0.6778805840648143, 0.229471508956462], [-0.5747896543352976, 0.21976574747349048, -0.11263805794542496, -0.7801490482009255], [-0.4426477323964601, 0.6855713308891626, -0.18830378968604464, 0.5464399491774078], [-0.35725590082680914, -0.5830285462761629, -0.7016639255655823, 0.2002839761723991]], "target": [0.08219177935597521, -0.30001491674127545, 0.26343611488868424, -0.9131467431422948], "inputs": [2, 2, 3, 3], "outputs": [2, 2, 3, 3]}]}, {"name": "Thinkable Ink (Pair)", "assignments": [[0, 1], [2, 3]], "tasks": [{"designers": [0, 1], "num_inputs": [1, 1], "num_outputs": [1, 1], "coupling": [[-0.727269777000299, -0.6863517111961878], [-0.6863517111961878, 0.727269777000299]], "target": [0.9403752261202045, -0.34013884532551447], "inputs": [0, 1], "outputs": [0, 1]}, {"designers": [2, 3], "num_inputs": [1, 1], "num_outputs": [1, 1], "coupling": [[0.04050904537656653, 0.999179171741825], [0.999179171741825, -0.040509045376566515]], "target": [0.4129666176847977, 0.9107461625930565], "inputs": [2, 3], "outputs": [2, 3]}]}, {"name": "Chemical Rhythm (Pair)", "assignments": [[0, 1], [2, 3]], "tasks": [{"designers": [0, 1], "num_inputs": [2, 2], "num_outputs": [2, 2], "coupling": [[-0.3980068346019346, 0.4464417809241065, 0.19158748495135913, -0.7781866944798487], [-0.4228473847840133, -0.7014600815719834, 0.5719240697794049, -0.0453508715385856], [-0.7079060308049031, -0.1376998983031034, -0.6831636047089141, 0.11487070452680744], [-0.402069273063134, 0.5382213561478711, 0.41168505343052875, 0.6157706457981998]], "target": [-0.639783861147426, 0.0011074322197598529, 0.70381654489891, 0.3087355757533138], "inputs": [0, 0, 1, 1], "outputs": [0, 0, 1, 1]}, {"designers": [2, 3], "num_inputs": [2, 2], "num_outputs": [2, 2], "coupling": [[-0.4384704071678589, -0.3716079958326594, 0.4688376994347152, -0.6707029231038509], [-0.40867081866060534, -0.007716542850289619, -0.8529113150852783, -0.3247628450750054], [-0.381665421361803, 0.8943249905009274, 0.21201806435022993, -0.09778884338929711], [-0.703607397736864, -0.24905975942570724, 0.08821474127064262, 0.6596393147071524]], "target": [0.45834200676129866, -0.6304504132539059, -0.48642089854825205, -0.3947779004978825], "inputs": [2, 2, 3, 3], "outputs": [2, 2, 3, 3]}]}, {"name": "Impolite Heat (Individual)", "assignments": [[0], [1], [2], [3]], "tasks": [{"designers": [0], "num_inputs": [4], "num_outputs": [4], "coupling": [[-0.3616589921350287, -0.17935263206547475, -0.7968690758417868, -0.4494831284332244], [-0.7055631750019995, 0.08012904983037183, -0.09159690413713924, 0.6981188642393725], [-0.29062053270535154, 0.8682728032474403, 0.1474516513017623, -0.37403215856296884], [-0.5356520190002373, -0.4555373836309164, 0.5786775385721583, -0.41315240893372124]], "target": [-0.616000578117422, -0.20125708662878275, -0.7591562994492826, 0.06099660521018475], "inputs": [0, 0, 0, 0], "outputs": [0, 0, 0, 0]}, {"designers": [1], "num_inputs": [4], "num_outputs": [4], "coupling": [[-0.5261418658652798, 0.28096691026174553, -0.03791767899574983, 0.8017447112026029], [-0.5767364811409816, -0.1754562528393879, 0.7464860042314468, -0.281689155182174], [-0.4437954426964059, 0.6092344270959823, -0.39723636454330224, -0.5235286893450557], [-0.4399947424081583, -0.720490188356899, -0.5324698731295165, -0.06143573344606217]], "target": [-0.4118837809668596, -0.6846500869047537, 0.5487430731239924, -0.24594114982286625], "inputs": [1, 1, 1, 1], "outputs": [1, 1, 1, 1]}, {"designers": [2], "num_inputs": [4], "num_outputs": [4], "coupling": [[-0.27231915045565785, -0.2533100771634551, 0.5934056631897789, 0.7138249113030815], [-0.3236992884369314, -0.4590808982088205, 0.4724550338175875, -0.6791536943767802], [-0.572468473154194, 0.7849708085167856, 0.20820674141113765, -0.11291868690330151], [-0.7023823020300552, -0.32999933861105085, -0.6174997269195159, 0.12827168653117751]], "target": [-0.6448644477627841, -0.12685077969128242, 0.7374674438171434, 0.15556507645715806], "inputs": [2, 2, 2, 2], "outputs": [2, 2, 2, 2]}, {"designers": [3], "num_inputs": [4], "num_outputs": [4], "coupling": [[-0.2542053777556285, 0.04035273104812575, -0.226449431888137, 0.9393997752898479], [-0.4053086076645543, 0.856599039891016, 0.31121951931725345, -0.07145227922710529], [-0.6333466033997927, -0.07573359735720823, -0.6933475197485128, -0.33526962142709493], [-0.6082570496386245, -0.5087967808330588, 0.6092062724989495, 0.004112776041576195]], "target": [-0.2077899063156745, -0.8733063619073832, 0.39135776191482624, -0.20248075284933217], "inputs": [3, 3, 3, 3], "outputs": [3, 3, 3, 3]}]}, {"name": "Staking System (Pair)", "assignments": [[0, 1], [2, 3]], "tasks": [{"designers": [0, 1], "num_inputs": [1, 1], "num_outputs": [1, 1], "coupling": [[-0.7433681166375001, -0.6688825331602077], [-0.6688825331602077, 0.7433681166375]], "target": [0.9991331809216126, -0.04162795672934237], "inputs": [0, 1], "outputs": [0, 1]}, {"designers": [2, 3], "num_inputs": [1, 1], "num_outputs": [1, 1], "coupling": [[-0.7775981657168087, -0.62876155470405], [-0.62876155470405, 0.777598165716809]], "target": [-0.38989715901003175, 0.9208584068117671], "inputs": [2, 3], "outputs": [2, 3]}]}, {"name": "Towering Test (Pair)", "assignments": [[0, 1], [2, 3]], "tasks": [{"designers": [0, 1], "num_inputs": [1, 1], "num_outputs": [1, 1], "coupling": [[-0.802636286932731, -0.5964687677480177], [-0.5964687677480177, 0.8026362869327311]], "target": [-0.45062863651424356, -0.8927115054446837], "inputs": [0, 1], "outputs": [0, 1]}, {"designers": [2, 3], "num_inputs": [1, 1], "num_outputs": [1, 1], "coupling": [[-0.7005666880461793, -0.7135869362593511], [-0.7135869362593511, 0.7005666880461793]], "target": [0.9634425104455346, 0.2679151527375893], "inputs": [2, 3], "outputs": [2, 3]}]}, {"name": "Economic Motion (Individual)", "assignments": [[0], [1], [2], [3]], "tasks": [{"designers": [0], "num_inputs": [2], "num_outputs": [2], "coupling": [[-0.5990838980109061, -0.8006862576215842], [-0.8006862576215841, 0.5990838980109062]], "target": [0.055289864763865104, -0.9984703455057606], "inputs": [0, 0], "outputs": [0, 0]}, {"designers": [1], "num_inputs": [2], "num_outputs": [2], "coupling": [[-0.5545221006355883, -0.8321689972035092], [-0.8321689972035093, 0.5545221006355883]], "target": [-0.5494162589075084, 0.835548786396149], "inputs": [1, 1], "outputs": [1, 1]}, {"designers": [2], "num_inputs": [2], "num_outputs": [2], "coupling": [[-0.6750156359377653, -0.7378034231687556], [-0.7378034231687556, 0.6750156359377654]], "target": [-0.999792835268271, 0.020354030220876184], "inputs": [2, 2], "outputs": [2, 2]}, {"designers": [3], "num_inputs": [2], "num_outputs": [2], "coupling": [[-0.6523589994117261, -0.7579101106902667], [-0.7579101106902667, 0.6523589994117259]], "target": [0.944807110231026, -0.3276271119075736], "inputs": [3, 3], "outputs": [3, 3]}]}, {"name": "Better Behavior (Pair)", "assignments": [[0, 1], [2, 3]], "tasks": [{"designers": [0, 1], "num_inputs": [2, 1], "num_outputs": [2, 1], "coupling": [[-0.6763734921090595, -0.6843459511832052, 0.2723775289397973], [-0.2552586690857913, 0.5646657911664996, 0.7848538438097001], [-0.690913823156511, 0.46132760960673586, -0.556610209739085]], "target": [-0.6007449840091892, 0.7654626541540314, -0.23059139030602266], "inputs": [0, 0, 1], "outputs": [0, 0, 1]}, {"designers": [2, 3], "num_inputs": [2, 1], "num_outputs": [2, 1], "coupling": [[-0.6968809312782286, 0.4298913555946924, -0.5740647959993255], [-0.45881342432326244, -0.8824429443853056, -0.10384936959536624], [-0.5512233751226009, 0.1910179894396098, 0.8121975858305035]], "target": [-0.5343683488443394, 0.685704087349871, 0.4942270453395437], "inputs": [2, 2, 3], "outputs": [2, 2, 3]}]}, {"name": "Unwritten Experience (Individual)", "assignments": [[0], [1], [2], [3]], "tasks": [{"designers": [0], "num_inputs": [3], "num_outputs": [3], "coupling": [[-0.45877974585290493, 0.3686216618575379, -0.8084795700600798], [-0.4884693737670755, -0.8646927040502678, -0.11706493263927267], [-0.7422390556193773, 0.34121048924618863, 0.576763891329573]], "target": [-0.4602367155066156, -0.8163894888516257, 0.3488414657007731], "inputs": [0, 0, 0], "outputs": [0, 0, 0]}, {"designers": [1], "num_inputs": [3], "num_outputs": [3], "coupling": [[-0.6941882954283922, 0.36688207568768766, -0.6192738917710945], [-0.29735597954843257, -0.9296750254782197, -0.2174483120855709], [-0.6555013592030269, 0.03319472158590026, 0.7544641002339467]], "target": [-0.9014289912483511, 0.27849673763606514, -0.33145941058152034], "inputs": [1, 1, 1], "outputs": [1, 1, 1]}, {"designers": [2], "num_inputs": [3], "num_outputs": [3], "coupling": [[-0.3716427942349238, 0.9283044758998351, -0.01150797625957534], [-0.584313627719359, -0.24352418558132552, -0.7741276093115362], [-0.7214285951878402, -0.280974680463, 0.6329249647343788]], "target": [0.022350219762058643, 0.9310470924254023, 0.3642139197817571], "inputs": [2, 2, 2], "outputs": [2, 2, 2]}, {"designers": [3], "num_inputs": [3], "num_outputs": [3], "coupling": [[-0.6769753647355253, -0.6515636113047626, -0.3422998918561018], [-0.43742790955824906, -0.01784300190119573, 0.8990764434811173], [-0.5919131519747665, 0.7583841293873774, -0.27293283571722726]], "target": [0.630600072984139, 0.7515646713288805, 0.19363391428856327], "inputs": [3, 3, 3], "outputs": [3, 3, 3]}]}, {"name": "Flat Sleep (Individual)", "assignments": [[0], [1], [2], [3]], "tasks": [{"designers": [0], "num_inputs": [2], "num_outputs": [2], "coupling": [[-0.6770405196319623, -0.7359457417340505], [-0.7359457417340505, 0.6770405196319624]], "target": [0.5715043371283592, -0.8205990449930314], "inputs": [0, 0], "outputs": [0, 0]}, {"designers": [1], "num_inputs": [2], "num_outputs": [2], "coupling": [[-0.9523962643602586, -0.3048628472487663], [-0.30486284724876633, 0.9523962643602584]], "target": [0.6787036453049895, -0.7344122560590333], "inputs": [1, 1], "outputs": [1, 1]}, {"designers": [2], "num_inputs": [2], "num_outputs": [2], "coupling": [[-0.9147469209310579, -0.40402731423401184], [-0.4040273142340119, 0.9147469209310579]], "target": [-0.7064764729098874, 0.7077365281125492], "inputs": [2, 2], "outputs": [2, 2]}, {"designers": [3], "num_inputs": [2], "num_outputs": [2], "coupling": [[-0.6639090091544686, -0.7478133641247208], [-0.7478133641247208, 0.6639090091544683]], "target": [0.2903458649574502, -0.9569217725091796], "inputs": [3, 3], "outputs": [3, 3]}]}, {"name": "Hallowed Sign (Pair)", "assignments": [[1, 0], [3, 2]], "tasks": [{"designers": [1, 0], "num_inputs": [2, 1], "num_outputs": [2, 1], "coupling": [[-0.41690351881805204, 0.7057103926232867, -0.572856262722694], [-0.5006158635338304, -0.7043098228043158, -0.5033204055863724], [-0.758666733932234, 0.0769448844617964, 0.6469190610731433]], "target": [-0.09344701285609136, 0.6306997814465493, -0.7703800630023783], "inputs": [1, 1, 0], "outputs": [1, 1, 0]}, {"designers": [3, 2], "num_inputs": [2, 1], "num_outputs": [2, 1], "coupling": [[-0.7456239342620739, 0.10782348050809243, -0.6575857706084183], [-0.5862691392044463, -0.575227447829111, 0.5704400754509498], [-0.3167545501993993, 0.8108560170061813, 0.49211693184938027]], "target": [0.9035144020035322, 0.14978106300459837, -0.40153126719772747], "inputs": [3, 3, 2], "outputs": [3, 3, 2]}]}, {"name": "Husky Verse (Pair)", "assignments": [[0, 1], [2, 3]], "tasks": [{"designers": [0, 1], "num_inputs": [2, 2], "num_outputs": [2, 2], "coupling": [[-0.4520894899060348, 0.5984262129340971, -0.3999849381998843, -0.5267952258734795], [-0.33534778870982135, -0.6598293209804726, 0.22596618519380507, -0.6333296226538281], [-0.5910655889670116, -0.3575370761054136, -0.5235992704136065, 0.49865069213970853], [-0.5777529084851186, 0.2804970125648306, 0.717492255278433, 0.26968104548643934]], "target": [0.5465976956685379, 0.755616672871567, -0.08636180206981624, -0.35045119761758853], "inputs": [0, 0, 1, 1], "outputs": [0, 0, 1, 1]}, {"designers": [2, 3], "num_inputs": [2, 2], "num_outputs": [2, 2], "coupling": [[-0.5625262982496925, -0.3612239801810932, 0.44953846241341766, -0.5924496356067814], [-0.31364833830350475, -0.6735741267296302, -0.054636314269538994, 0.6670363474675925], [-0.5371931052768051, 0.1315242403650456, -0.8120462255432451, -0.18629511378571006], [-0.54462138343992, 0.6312816377330673, 0.36811814890737177, 0.41153380299321035]], "target": [-0.5617828845074815, 0.4363633998407465, 0.4487960386238761, 0.5408965609702056], "inputs": [2, 2, 3, 3], "outputs": [2, 2, 3, 3]}]}, {"name": "Absorbed Copper (Pair)", "assignments": [[1, 0], [3, 2]], "tasks": [{"designers": [1, 0], "num_inputs": [2, 1], "num_outputs": [2, 1], "coupling": [[-0.7091784142372347, 0.19053122731104208, -0.6787958663687556], [-0.4485244988162398, -0.8647589616359833, 0.22587100794899947], [-0.5439593282053375, 0.4646394190010185, 0.6987263123489724]], "target": [0.9486498077848626, -0.31336075317211004, -0.04322708133972207], "inputs": [1, 1, 0], "outputs": [1, 1, 0]}, {"designers": [3, 2], "num_inputs": [2, 1], "num_outputs": [2, 1], "coupling": [[-0.570510569302339, 0.36118049501642097, 0.7376085278343884], [-0.6398895603791679, 0.36751536797272116, -0.674887994278777], [-0.5148388493811208, -0.8570187304391707, 0.021444226364112345]], "target": [0.3067116736715927, 0.7806670475817798, -0.5445061157172778], "inputs": [3, 3, 2], "outputs": [3, 3, 2]}]}, {"name": "Noiseless Stone (Individual)", "assignments": [[0], [1], [2], [3]], "tasks": [{"designers": [0], "num_inputs": [3], "num_outputs": [3], "coupling": [[-0.5897328915187295, 0.706056226643524, -0.39204556046315225], [-0.48960596794477135, -0.6986353484628387, -0.5217227674072424], [-0.6422624952570578, -0.1157292300852146, 0.7576975864354203]], "target": [0.5448637689722615, -0.16909650283251382, 0.8212976597989035], "inputs": [0, 0, 0], "outputs": [0, 0, 0]}, {"designers": [1], "num_inputs": [3], "num_outputs": [3], "coupling": [[-0.5160253018399767, -0.5081162485885705, -0.6895910134139213], [-0.7953838931024518, -0.01457570193843897, 0.6059306986002521], [-0.3179345065483592, 0.8611651565369327, -0.39662604895867776]], "target": [0.08764846359059253, -0.9437425117877155, 0.3188539136890472], "inputs": [1, 1, 1], "outputs": [1, 1, 1]}, {"designers": [2], "num_inputs": [3], "num_outputs": [3], "coupling": [[-0.5777105225846876, 0.4545347007632058, 0.6779740097503957], [-0.7623710650397295, -0.0037243749186190505, -0.647129421539196], [-0.291617748576995, -0.8907212441800005, 0.3486757144988967]], "target": [-0.2910196604481614, 0.8496049544820063, 0.43986245412886144], "inputs": [2, 2, 2], "outputs": [2, 2, 2]}, {"designers": [3], "num_inputs": [3], "num_outputs": [3], "coupling": [[-0.3631060094493029, -0.036367261913647704, 0.931037833905103], [-0.7108700006686317, 0.6567865456202, -0.25158552351370383], [-0.6023436461449412, -0.7531990810889174, -0.26433553714101415]], "target": [0.7432754878681844, -0.6321218046113323, -0.2190058749650915], "inputs": [3, 3, 3], "outputs": [3, 3, 3]}]}]}