{"name": "experiment004", "num_designers": 4, "error_tol": 0.05, "training": [{"name": "Training Task 1/5 (Individual)", "assignments": [[0], [1], [2], [3]], "tasks": [{"designers": [0], "num_inputs": [1], "num_outputs": [1], "coupling": [[1.0]], "target": [1.0], "inputs": [0], "outputs": [0], "time_start": null, "time_complete": null, "actions": null, "score": null}, {"designers": [1], "num_inputs": [1], "num_outputs": [1], "coupling": [[1.0]], "target": [1.0], "inputs": [1], "outputs": [1], "time_start": null, "time_complete": null, "actions": null, "score": null}, {"designers": [2], "num_inputs": [1], "num_outputs": [1], "coupling": [[1.0]], "target": [1.0], "inputs": [2], "outputs": [2], "time_start": null, "time_complete": null, "actions": null, "score": null}, {"designers": [3], "num_inputs": [1], "num_outputs": [1], "coupling": [[1.0]], "target": [-1.0], "inputs": [3], "outputs": [3], "time_start": null, "time_complete": null, "actions": null, "score": null}], "max_time": 90000}, {"name": "Training Task 2/5 (Individual)", "assignments": [[0], [1], [2], [3]], "tasks": [{"designers": [0], "num_inputs": [2], "num_outputs": [2], "coupling": [[0.696024761984183, 0.7180177788222665], [0.7180177788222666, -0.6960247619841831]], "target": [0.5585025132834653, -0.8295028286003927], "inputs": [0, 0], "outputs": [0, 0], "time_start": null, "time_complete": null, "actions": null, "score": null}, {"designers": [1], "num_inputs": [2], "num_outputs": [2], "coupling": [[-0.8888731286493526, -0.45815342535564596], [-0.45815342535564596, 0.8888731286493528]], "target": [-0.7461829382268503, 0.6657409576548105], "inputs": [1, 1], "outputs": [1, 1], "time_start": null, "time_complete": null, "actions": null, "score": null}, {"designers": [2], "num_inputs": [2], "num_outputs": [2], "coupling": [[-0.3949744357902991, -0.9186921111406886], [-0.9186921111406886, 0.394974435790299]], "target": [-0.5714937417032326, -0.8206064240511639], "inputs": [2, 2], "outputs": [2, 2], "time_start": null, "time_complete": null, "actions": null, "score": null}, {"designers": [3], "num_inputs": [2], "num_outputs": [2], "coupling": [[-0.6387776487821397, -0.7693913928660511], [-0.7693913928660512, 0.6387776487821394]], "target": [-0.28663881312976613, -0.9580387209333237], "inputs": [3, 3], "outputs": [3, 3], "time_start": null, "time_complete": null, "actions": null, "score": null}], "max_time": 120000}, {"name": "Training Task 3/5 (Pair)", "assignments": [[0, 1], [2, 3]], "tasks": [{"designers": [0, 1], "num_inputs": [1, 1], "num_outputs": [1, 1], "coupling": [[1, 0], [0, 1]], "target": [0.3855205461778044, -0.9226992513678375], "inputs": [0, 1], "outputs": [0, 1], "time_start": null, "time_complete": null, "actions": null, "score": null}, {"designers": [2, 3], "num_inputs": [1, 1], "num_outputs": [1, 1], "coupling": [[1, 0], [0, 1]], "target": [-0.9489882510447187, -0.31531143236344306], "inputs": [2, 3], "outputs": [2, 3], "time_start": null, "time_complete": null, "actions": null, "score": null}], "max_time": 270000}, {"name": "Training Task 4/5 (Pair)", "assignments": [[0, 1], [2, 3]], "tasks": [{"designers": [0, 1], "num_inputs": [1, 1], "num_outputs": [1, 1], "coupling": [[-0.3695436506586523, -0.9292133717601551], [-0.9292133717601551, 0.3695436506586521]], "target": [0.3700884776002886, -0.9289965116982413], "inputs": [0, 1], "outputs": [0, 1], "time_start": null, "time_complete": null, "actions": null, "score": null}, {"designers": [2, 3], "num_inputs": [1, 1], "num_outputs": [1, 1], "coupling": [[-0.8833125096425579, -0.4687846097185426], [-0.46878460971854263, 0.8833125096425576]], "target": [0.033982440919715584, -0.9994224300610519], "inputs": [2, 3], "outputs": [2, 3], "time_start": null, "time_complete": null, "actions": null, "score": null}], "max_time": 270000}, {"name": "Training Task 5/5 (Pair)", "assignments": [[0, 1], [2, 3]], "tasks": [{"designers": [0, 1], "num_inputs": [2, 1], "num_outputs": [2, 1], "coupling": [[-0.5241204771986171, 0.6722059727474626, 0.5229119004036259], [-0.7140877562135196, -0.012282918540155266, -0.6999484311990971], [-0.4640866317909141, -0.7402622914310666, 0.48645178391921967]], "target": [0.3702657538427099, -0.8860312557814836, -0.27901950704131323], "inputs": [0, 0, 1], "outputs": [0, 0, 1], "time_start": null, "time_complete": null, "actions": null, "score": null}, {"designers": [2, 3], "num_inputs": [2, 1], "num_outputs": [2, 1], "coupling": [[-0.5556109340793471, -0.7448246794543241, -0.3695032974240404], [-0.578326473131326, 0.026913445836667806, 0.8153613658425806], [-0.5973566609714487, 0.6667172288976486, -0.44570523475059465]], "target": [0.0965192718575778, -0.5655624734900818, 0.8190379226506325], "inputs": [2, 2, 3], "outputs": [2, 2, 3], "time_start": null, "time_complete": null, "actions": null, "score": null}], "max_time": 540000}], "rounds": [{"name": "Flat Sleep (Individual)", "assignments": [[0], [1], [2], [3]], "tasks": [{"designers": [0], "num_inputs": [2], "num_outputs": [2], "coupling": [[-0.7577706420425947, -0.6525209989405354], [-0.6525209989405355, 0.7577706420425945]], "target": [0.9962101021829599, -0.08697949360979487], "inputs": [0, 0], "outputs": [0, 0], "time_start": null, "time_complete": null, "actions": null, "score": null}, {"designers": [1], "num_inputs": [2], "num_outputs": [2], "coupling": [[-0.7060214504889288, -0.708190448572634], [-0.708190448572634, 0.706021450488929]], "target": [0.1714709197839137, -0.9851891816643435], "inputs": [1, 1], "outputs": [1, 1], "time_start": null, "time_complete": null, "actions": null, "score": null}, {"designers": [2], "num_inputs": [2], "num_outputs": [2], "coupling": [[-0.4983010795686864, -0.8670040565652973], [-0.8670040565652972, 0.49830107956868647]], "target": [0.992374008042588, 0.1232632474076901], "inputs": [2, 2], "outputs": [2, 2], "time_start": null, "time_complete": null, "actions": null, "score": null}, {"designers": [3], "num_inputs": [2], "num_outputs": [2], "coupling": [[-0.3189129245919952, -0.9477840189242379], [-0.947784018924238, 0.3189129245919953]], "target": [-0.6579440912887375, -0.7530667784056322], "inputs": [3, 3], "outputs": [3, 3], "time_start": null, "time_complete": null, "actions": null, "score": null}], "max_time": 120000}, {"name": "Economic Motion (Individual)", "assignments": [[0], [1], [2], [3]], "tasks": [{"designers": [0], "num_inputs": [2], "num_outputs": [2], "coupling": [[-0.9294345399867406, -0.36898704025973], [-0.36898704025972995, 0.9294345399867407]], "target": [-0.18708912002967848, -0.9823429447838062], "inputs": [0, 0], "outputs": [0, 0], "time_start": null, "time_complete": null, "actions": null, "score": null}, {"designers": [1], "num_inputs": [2], "num_outputs": [2], "coupling": [[-0.6791530073909381, -0.7339967251642503], [-0.7339967251642504, 0.6791530073909381]], "target": [0.9901692660790311, -0.13987431684377483], "inputs": [1, 1], "outputs": [1, 1], "time_start": null, "time_complete": null, "actions": null, "score": null}, {"designers": [2], "num_inputs": [2], "num_outputs": [2], "coupling": [[0.06612812426709724, 0.9978111400364875], [0.9978111400364876, -0.06612812426709737]], "target": [-0.8091099593542541, -0.5876572756920119], "inputs": [2, 2], "outputs": [2, 2], "time_start": null, "time_complete": null, "actions": null, "score": null}, {"designers": [3], "num_inputs": [2], "num_outputs": [2], "coupling": [[-0.9726914487930086, -0.23210201516780937], [-0.2321020151678094, 0.9726914487930086]], "target": [0.8671544757608896, -0.49803927070850174], "inputs": [3, 3], "outputs": [3, 3], "time_start": null, "time_complete": null, "actions": null, "score": null}], "max_time": 120000}, {"name": "Unwritten Experience (Individual)", "assignments": [[0], [1], [2], [3]], "tasks": [{"designers": [0], "num_inputs": [3], "num_outputs": [3], "coupling": [[-0.5831853727005955, 0.644943211973638, -0.49390593679079764], [-0.6662423459818548, -0.7276057264137373, -0.16343513487170655], [-0.4647751687522286, 0.23374806997933859, 0.8540174953080718]], "target": [0.5627286885850435, 0.4425804462226764, 0.6981826205690698], "inputs": [0, 0, 0], "outputs": [0, 0, 0], "time_start": null, "time_complete": null, "actions": null, "score": null}, {"designers": [1], "num_inputs": [3], "num_outputs": [3], "coupling": [[-0.2646580673657493, 0.012155324247508727, 0.9642657079201065], [-0.8065905228455148, 0.5452626459936362, -0.2282550664055831], [-0.5285525856847405, -0.8381771262546218, -0.13450378875525576]], "target": [0.6435783838147715, 0.675669527277723, -0.35955187914216913], "inputs": [1, 1, 1], "outputs": [1, 1, 1], "time_start": null, "time_complete": null, "actions": null, "score": null}, {"designers": [2], "num_inputs": [3], "num_outputs": [3], "coupling": [[-0.45231817240763583, -0.13093911012962262, -0.8821922808256022], [-0.5207337706430158, -0.7642716108055736, 0.3804277132762023], [-0.724047381751859, 0.6314616808287862, 0.27750952168017784]], "target": [0.46710431694895305, -0.2919663764123343, 0.834607208291603], "inputs": [2, 2, 2], "outputs": [2, 2, 2], "time_start": null, "time_complete": null, "actions": null, "score": null}, {"designers": [3], "num_inputs": [3], "num_outputs": [3], "coupling": [[-0.6523721016765628, -0.5519276392384659, -0.5194097823479633], [-0.46320752467795884, -0.2520795433387312, 0.849643862398744], [-0.5998745119071349, 0.7948784717645784, -0.09120737409544273]], "target": [-0.0892757851863406, -0.7107985208487191, -0.6977071713395494], "inputs": [3, 3, 3], "outputs": [3, 3, 3], "time_start": null, "time_complete": null, "actions": null, "score": null}], "max_time": 240000}, {"name": "Noiseless Stone (Individual)", "assignments": [[0], [1], [2], [3]], "tasks": [{"designers": [0], "num_inputs": [3], "num_outputs": [3], "coupling": [[-0.3614636963882853, 0.8468798928131384, -0.39004928322216587], [-0.6266536613386062, -0.5304207652977467, -0.5709281920450875], [-0.6903978453936813, 0.03805599676477113, 0.7224282360110259]], "target": [-0.6765111732837319, -0.5395483639614337, -0.501218710114466], "inputs": [0, 0, 0], "outputs": [0, 0, 0], "time_start": null, "time_complete": null, "actions": null, "score": null}, {"designers": [1], "num_inputs": [3], "num_outputs": [3], "coupling": [[-0.2326475942374714, 0.8975477321914049, -0.37454394312761535], [-0.5426397076697642, -0.43938767422595487, -0.7158775170365242], [-0.8071042340092078, 0.03669523370100817, 0.5892675243622701]], "target": [-0.23173841513408777, -0.9642212544677488, -0.12874268671960276], "inputs": [1, 1, 1], "outputs": [1, 1, 1], "time_start": null, "time_complete": null, "actions": null, "score": null}, {"designers": [2], "num_inputs": [3], "num_outputs": [3], "coupling": [[-0.4563828747256225, 0.7299511055459341, -0.5088084660945075], [-0.5685217276893807, -0.6791074275112495, -0.46432332166727847], [-0.6844689304871758, 0.07735945586237064, 0.7249260636688541]], "target": [0.23317958099474434, -0.9569440260815074, -0.17287398287200678], "inputs": [2, 2, 2], "outputs": [2, 2, 2], "time_start": null, "time_complete": null, "actions": null, "score": null}, {"designers": [3], "num_inputs": [3], "num_outputs": [3], "coupling": [[-0.400900868110264, -0.44757662434603335, -0.7993457695437232], [-0.5646660374920518, -0.5663613781416893, 0.6003224595602528], [-0.7214088716195984, 0.692033203458083, -0.02567655078241485]], "target": [0.34685431924002974, -0.08970213639477144, 0.9336196270166718], "inputs": [3, 3, 3], "outputs": [3, 3, 3], "time_start": null, "time_complete": null, "actions": null, "score": null}], "max_time": 240000}, {"name": "Staking System (Pair)", "assignments": [[0, 1], [2, 3]], "tasks": [{"designers": [0, 1], "num_inputs": [1, 1], "num_outputs": [1, 1], "coupling": [[0.6979575981236819, 0.7161390865058417], [0.7161390865058416, -0.6979575981236816]], "target": [0.9558810912655866, -0.2937538754823692], "inputs": [0, 1], "outputs": [0, 1], "time_start": null, "time_complete": null, "actions": null, "score": null}, {"designers": [2, 3], "num_inputs": [1, 1], "num_outputs": [1, 1], "coupling": [[-0.7197728543854323, -0.6942096499544264], [-0.6942096499544265, 0.7197728543854323]], "target": [0.021953411843488535, 0.9997589948124649], "inputs": [2, 3], "outputs": [2, 3], "time_start": null, "time_complete": null, "actions": null, "score": null}], "max_time": 180000}, {"name": "Towering Test (Pair)", "assignments": [[0, 1], [2, 3]], "tasks": [{"designers": [0, 1], "num_inputs": [1, 1], "num_outputs": [1, 1], "coupling": [[-0.7185055899071404, -0.6955211839133243], [-0.6955211839133243, 0.7185055899071404]], "target": [-0.32918849632442626, -0.9442642288510477], "inputs": [0, 1], "outputs": [0, 1], "time_start": null, "time_complete": null, "actions": null, "score": null}, {"designers": [2, 3], "num_inputs": [1, 1], "num_outputs": [1, 1], "coupling": [[-0.6859292097915765, -0.7276682754900777], [-0.7276682754900778, 0.6859292097915763]], "target": [0.006860192065953896, -0.9999764686055458], "inputs": [2, 3], "outputs": [2, 3], "time_start": null, "time_complete": null, "actions": null, "score": null}], "max_time": 180000}, {"name": "Thinkable Ink (Pair)", "assignments": [[0, 1], [2, 3]], "tasks": [{"designers": [0, 1], "num_inputs": [1, 1], "num_outputs": [1, 1], "coupling": [[-0.6724416955209224, -0.7401500970242101], [-0.7401500970242102, 0.672441695520922]], "target": [0.08926034892086343, 0.9960083283339181], "inputs": [0, 1], "outputs": [0, 1], "time_start": null, "time_complete": null, "actions": null, "score": null}, {"designers": [2, 3], "num_inputs": [1, 1], "num_outputs": [1, 1], "coupling": [[-0.8095522172912006, -0.5870478749462442], [-0.5870478749462442, 0.8095522172912004]], "target": [-0.6583699946645973, -0.7526944600070721], "inputs": [2, 3], "outputs": [2, 3], "time_start": null, "time_complete": null, "actions": null, "score": null}], "max_time": 180000}, {"name": "Better Behavior (Pair)", "assignments": [[0, 1], [2, 3]], "tasks": [{"designers": [0, 1], "num_inputs": [2, 1], "num_outputs": [2, 1], "coupling": [[-0.531547588058333, 0.49974289380813336, -0.6838963384297662], [-0.63226518988644, -0.7713759503569373, -0.07224868766140946], [-0.5636469562476434, 0.39400023261313505, 0.7259930615464328]], "target": [0.11499688566696897, 0.15278263547288545, 0.9815463221798847], "inputs": [0, 0, 1], "outputs": [0, 0, 1], "time_start": null, "time_complete": null, "actions": null, "score": null}, {"designers": [2, 3], "num_inputs": [2, 1], "num_outputs": [2, 1], "coupling": [[-0.9197192438055835, 0.21983020308832701, -0.3252555831708818], [-0.3439799558495826, -0.8505443305265118, 0.3978091650313333], [-0.1891938226988521, 0.4777541455804986, 0.8578791720476974]], "target": [0.6373483321620479, -0.026143878185714602, 0.7701321971737493], "inputs": [2, 2, 3], "outputs": [2, 2, 3], "time_start": null, "time_complete": null, "actions": null, "score": null}], "max_time": 360000}, {"name": "Hallowed Sign (Pair)", "assignments": [[1, 0], [3, 2]], "tasks": [{"designers": [1, 0], "num_inputs": [2, 1], "num_outputs": [2, 1], "coupling": [[-0.5322642862546644, -0.8228234557988248, -0.19913887155724244], [-0.6648679922884155, 0.26067353252793923, 0.6999999016212622], [-0.5240661049983905, 0.504986009733621, -0.6858161908012461]], "target": [0.9321337174341682, -0.32583754735095616, 0.15797666143665567], "inputs": [1, 1, 0], "outputs": [1, 1, 0], "time_start": null, "time_complete": null, "actions": null, "score": null}, {"designers": [3, 2], "num_inputs": [2, 1], "num_outputs": [2, 1], "coupling": [[-0.3613629860265163, 0.8772396788554534, -0.31601793963568015], [-0.9263534977026121, -0.37637667438969497, 0.014484345670062447], [-0.10623553842352369, 0.2979784301202593, 0.9486426437594558]], "target": [0.3285053952649919, -0.8173381831027479, -0.473331279046811], "inputs": [3, 3, 2], "outputs": [3, 3, 2], "time_start": null, "time_complete": null, "actions": null, "score": null}], "max_time": 360000}, {"name": "Absorbed Copper (Pair)", "assignments": [[1, 0], [3, 2]], "tasks": [{"designers": [1, 0], "num_inputs": [2, 1], "num_outputs": [2, 1], "coupling": [[-0.3507201296314337, 0.44877733976264844, -0.8219454300541311], [-0.6145175814789885, -0.7725870698358293, -0.15961629483139383], [-0.7066565875476754, 0.4491192701700163, 0.5467434027379083]], "target": [0.9049309585667686, -0.1197814900447472, 0.4083532231660356], "inputs": [1, 1, 0], "outputs": [1, 1, 0], "time_start": null, "time_complete": null, "actions": null, "score": null}, {"designers": [3, 2], "num_inputs": [2, 1], "num_outputs": [2, 1], "coupling": [[-0.7976116057664123, 0.5737192655864981, -0.18617714854840556], [-0.34238254053284506, -0.6847629440056829, -0.6433303245261682], [-0.4965782136632661, -0.44938392807438, 0.7426063310418518]], "target": [-0.9951925397298695, -0.019435801201575658, 0.09598988747605021], "inputs": [3, 3, 2], "outputs": [3, 3, 2], "time_start": null, "time_complete": null, "actions": null, "score": null}], "max_time": 360000}]}