{"name": "experiment004", "num_designers": 4, "error_tol": 0.05, "training": [{"name": "Training Task 1/5 (Individual)", "assignments": [[0], [1], [2], [3]], "tasks": [{"designers": [0], "num_inputs": [1], "num_outputs": [1], "coupling": [[1.0]], "target": [1.0], "inputs": [0], "outputs": [0], "time_start": null, "time_complete": null, "actions": null, "score": null}, {"designers": [1], "num_inputs": [1], "num_outputs": [1], "coupling": [[1.0]], "target": [1.0], "inputs": [1], "outputs": [1], "time_start": null, "time_complete": null, "actions": null, "score": null}, {"designers": [2], "num_inputs": [1], "num_outputs": [1], "coupling": [[1.0]], "target": [1.0], "inputs": [2], "outputs": [2], "time_start": null, "time_complete": null, "actions": null, "score": null}, {"designers": [3], "num_inputs": [1], "num_outputs": [1], "coupling": [[1.0]], "target": [-1.0], "inputs": [3], "outputs": [3], "time_start": null, "time_complete": null, "actions": null, "score": null}], "max_time": null}, {"name": "Training Task 2/5 (Individual)", "assignments": [[0], [1], [2], [3]], "tasks": [{"designers": [0], "num_inputs": [2], "num_outputs": [2], "coupling": [[0.696024761984183, 0.7180177788222665], [0.7180177788222666, -0.6960247619841831]], "target": [0.5585025132834653, -0.8295028286003927], "inputs": [0, 0], "outputs": [0, 0], "time_start": null, "time_complete": null, "actions": null, "score": null}, {"designers": [1], "num_inputs": [2], "num_outputs": [2], "coupling": [[-0.8888731286493526, -0.45815342535564596], [-0.45815342535564596, 0.8888731286493528]], "target": [-0.7461829382268503, 0.6657409576548105], "inputs": [1, 1], "outputs": [1, 1], "time_start": null, "time_complete": null, "actions": null, "score": null}, {"designers": [2], "num_inputs": [2], "num_outputs": [2], "coupling": [[-0.3949744357902991, -0.9186921111406886], [-0.9186921111406886, 0.394974435790299]], "target": [-0.5714937417032326, -0.8206064240511639], "inputs": [2, 2], "outputs": [2, 2], "time_start": null, "time_complete": null, "actions": null, "score": null}, {"designers": [3], "num_inputs": [2], "num_outputs": [2], "coupling": [[-0.6387776487821397, -0.7693913928660511], [-0.7693913928660512, 0.6387776487821394]], "target": [-0.28663881312976613, -0.9580387209333237], "inputs": [3, 3], "outputs": [3, 3], "time_start": null, "time_complete": null, "actions": null, "score": null}], "max_time": null}, {"name": "Training Task 3/5 (Pair)", "assignments": [[0, 1], [2, 3]], "tasks": [{"designers": [0, 1], "num_inputs": [1, 1], "num_outputs": [1, 1], "coupling": [[1, 0], [0, 1]], "target": [0.3855205461778044, -0.9226992513678375], "inputs": [0, 1], "outputs": [0, 1], "time_start": null, "time_complete": null, "actions": null, "score": null}, {"designers": [2, 3], "num_inputs": [1, 1], "num_outputs": [1, 1], "coupling": [[1, 0], [0, 1]], "target": [-0.9489882510447187, -0.31531143236344306], "inputs": [2, 3], "outputs": [2, 3], "time_start": null, "time_complete": null, "actions": null, "score": null}], "max_time": null}, {"name": "Training Task 4/5 (Pair)", "assignments": [[0, 1], [2, 3]], "tasks": [{"designers": [0, 1], "num_inputs": [1, 1], "num_outputs": [1, 1], "coupling": [[-0.3695436506586523, -0.9292133717601551], [-0.9292133717601551, 0.3695436506586521]], "target": [0.3700884776002886, -0.9289965116982413], "inputs": [0, 1], "outputs": [0, 1], "time_start": null, "time_complete": null, "actions": null, "score": null}, {"designers": [2, 3], "num_inputs": [1, 1], "num_outputs": [1, 1], "coupling": [[-0.8833125096425579, -0.4687846097185426], [-0.46878460971854263, 0.8833125096425576]], "target": [0.033982440919715584, -0.9994224300610519], "inputs": [2, 3], "outputs": [2, 3], "time_start": null, "time_complete": null, "actions": null, "score": null}], "max_time": null}, {"name": "Training Task 5/5 (Pair)", "assignments": [[0, 1], [2, 3]], "tasks": [{"designers": [0, 1], "num_inputs": [2, 1], "num_outputs": [2, 1], "coupling": [[-0.5241204771986171, 0.6722059727474626, 0.5229119004036259], [-0.7140877562135196, -0.012282918540155266, -0.6999484311990971], [-0.4640866317909141, -0.7402622914310666, 0.48645178391921967]], "target": [0.3702657538427099, -0.8860312557814836, -0.27901950704131323], "inputs": [0, 0, 1], "outputs": [0, 0, 1], "time_start": null, "time_complete": null, "actions": null, "score": null}, {"designers": [2, 3], "num_inputs": [2, 1], "num_outputs": [2, 1], "coupling": [[-0.5556109340793471, -0.7448246794543241, -0.3695032974240404], [-0.578326473131326, 0.026913445836667806, 0.8153613658425806], [-0.5973566609714487, 0.6667172288976486, -0.44570523475059465]], "target": [0.0965192718575778, -0.5655624734900818, 0.8190379226506325], "inputs": [2, 2, 3], "outputs": [2, 2, 3], "time_start": null, "time_complete": null, "actions": null, "score": null}], "max_time": null}], "rounds": [{"name": "Unwritten Experience (Individual)", "assignments": [[0], [1], [2], [3]], "tasks": [{"designers": [0], "num_inputs": [3], "num_outputs": [3], "coupling": [[-0.5831853727005955, 0.644943211973638, -0.49390593679079764], [-0.6662423459818548, -0.7276057264137373, -0.16343513487170655], [-0.4647751687522286, 0.23374806997933859, 0.8540174953080718]], "target": [0.5627286885850435, 0.4425804462226764, 0.6981826205690698], "inputs": [0, 0, 0], "outputs": [0, 0, 0], "time_start": null, "time_complete": null, "actions": null, "score": null}, {"designers": [1], "num_inputs": [3], "num_outputs": [3], "coupling": [[-0.2646580673657493, 0.012155324247508727, 0.9642657079201065], [-0.8065905228455148, 0.5452626459936362, -0.2282550664055831], [-0.5285525856847405, -0.8381771262546218, -0.13450378875525576]], "target": [0.6435783838147715, 0.675669527277723, -0.35955187914216913], "inputs": [1, 1, 1], "outputs": [1, 1, 1], "time_start": null, "time_complete": null, "actions": null, "score": null}, {"designers": [2], "num_inputs": [3], "num_outputs": [3], "coupling": [[-0.45231817240763583, -0.13093911012962262, -0.8821922808256022], [-0.5207337706430158, -0.7642716108055736, 0.3804277132762023], [-0.724047381751859, 0.6314616808287862, 0.27750952168017784]], "target": [0.46710431694895305, -0.2919663764123343, 0.834607208291603], "inputs": [2, 2, 2], "outputs": [2, 2, 2], "time_start": null, "time_complete": null, "actions": null, "score": null}, {"designers": [3], "num_inputs": [3], "num_outputs": [3], "coupling": [[-0.6523721016765628, -0.5519276392384659, -0.5194097823479633], [-0.46320752467795884, -0.2520795433387312, 0.849643862398744], [-0.5998745119071349, 0.7948784717645784, -0.09120737409544273]], "target": [-0.0892757851863406, -0.7107985208487191, -0.6977071713395494], "inputs": [3, 3, 3], "outputs": [3, 3, 3], "time_start": null, "time_complete": null, "actions": null, "score": null}], "max_time": 240000}, {"name": "Flat Sleep (Individual)", "assignments": [[0], [1], [2], [3]], "tasks": [{"designers": [0], "num_inputs": [2], "num_outputs": [2], "coupling": [[-0.7577706420425947, -0.6525209989405354], [-0.6525209989405355, 0.7577706420425945]], "target": [0.9962101021829599, -0.08697949360979487], "inputs": [0, 0], "outputs": [0, 0], "time_start": null, "time_complete": null, "actions": null, "score": null}, {"designers": [1], "num_inputs": [2], "num_outputs": [2], "coupling": [[-0.7060214504889288, -0.708190448572634], [-0.708190448572634, 0.706021450488929]], "target": [0.1714709197839137, -0.9851891816643435], "inputs": [1, 1], "outputs": [1, 1], "time_start": null, "time_complete": null, "actions": null, "score": null}, {"designers": [2], "num_inputs": [2], "num_outputs": [2], "coupling": [[-0.4983010795686864, -0.8670040565652973], [-0.8670040565652972, 0.49830107956868647]], "target": [0.992374008042588, 0.1232632474076901], "inputs": [2, 2], "outputs": [2, 2], "time_start": null, "time_complete": null, "actions": null, "score": null}, {"designers": [3], "num_inputs": [2], "num_outputs": [2], "coupling": [[-0.3189129245919952, -0.9477840189242379], [-0.947784018924238, 0.3189129245919953]], "target": [-0.6579440912887375, -0.7530667784056322], "inputs": [3, 3], "outputs": [3, 3], "time_start": null, "time_complete": null, "actions": null, "score": null}], "max_time": 120000}, {"name": "Hallowed Sign (Pair)", "assignments": [[1, 0], [3, 2]], "tasks": [{"designers": [1, 0], "num_inputs": [2, 1], "num_outputs": [2, 1], "coupling": [[-0.5945535474529855, -0.606251541639711, -0.5281715133084558], [-0.5435544400101165, -0.1809994605096423, 0.819626601593986], [-0.5924986497506632, 0.7744018747102127, -0.22191684588815846]], "target": [-0.5109412703041605, 0.6104198318313719, 0.6052492438714241], "inputs": [1, 1, 0], "outputs": [1, 1, 0], "time_start": null, "time_complete": null, "actions": null, "score": null}, {"designers": [3, 2], "num_inputs": [2, 1], "num_outputs": [2, 1], "coupling": [[-0.615127275939254, -0.2441020897825, 0.7496883380174522], [-0.6524986711509053, 0.6913584016112344, -0.3102725328930398], [-0.44256515739702795, -0.6800277422909863, -0.5845496994890748]], "target": [0.6248123263136234, -0.6060648178984661, -0.4922346934057547], "inputs": [3, 3, 2], "outputs": [3, 3, 2], "time_start": null, "time_complete": null, "actions": null, "score": null}], "max_time": 600000}, {"name": "Better Behavior (Pair)", "assignments": [[0, 1], [2, 3]], "tasks": [{"designers": [0, 1], "num_inputs": [2, 1], "num_outputs": [2, 1], "coupling": [[-0.2298943765534458, 0.18334686560770466, -0.955788942445419], [-0.8158289619351253, -0.5717803582460145, 0.08654667406616043], [-0.5306332825002191, 0.7996568944215323, 0.2810287720272661]], "target": [0.8702308561999745, 0.47138328782000116, -0.14316442603337237], "inputs": [0, 0, 1], "outputs": [0, 0, 1], "time_start": null, "time_complete": null, "actions": null, "score": null}, {"designers": [2, 3], "num_inputs": [2, 1], "num_outputs": [2, 1], "coupling": [[-0.5115123125523606, 0.8438529415351731, 0.16207210484772427], [-0.6181730494919152, -0.23037412821673514, -0.7515250108481056], [-0.5968393711788811, -0.48460290353114366, 0.6394863492678972]], "target": [-0.5572252096588675, 0.613991291995293, -0.5590301951367044], "inputs": [2, 2, 3], "outputs": [2, 2, 3], "time_start": null, "time_complete": null, "actions": null, "score": null}], "max_time": 600000}, {"name": "Towering Test (Pair)", "assignments": [[0, 1], [2, 3]], "tasks": [{"designers": [0, 1], "num_inputs": [1, 1], "num_outputs": [1, 1], "coupling": [[-0.7102457854298864, -0.7039537799309578], [-0.7039537799309578, 0.7102457854298865]], "target": [-0.9998093501507335, -0.019525966075148393], "inputs": [0, 1], "outputs": [0, 1], "time_start": null, "time_complete": null, "actions": null, "score": null}, {"designers": [2, 3], "num_inputs": [1, 1], "num_outputs": [1, 1], "coupling": [[-0.6335284121795923, -0.7737194265114488], [-0.7737194265114489, 0.6335284121795921]], "target": [-0.8648585542965799, -0.502015618342726], "inputs": [2, 3], "outputs": [2, 3], "time_start": null, "time_complete": null, "actions": null, "score": null}], "max_time": 180000}, {"name": "Noiseless Stone (Individual)", "assignments": [[0], [1], [2], [3]], "tasks": [{"designers": [0], "num_inputs": [3], "num_outputs": [3], "coupling": [[-0.3614636963882853, 0.8468798928131384, -0.39004928322216587], [-0.6266536613386062, -0.5304207652977467, -0.5709281920450875], [-0.6903978453936813, 0.03805599676477113, 0.7224282360110259]], "target": [-0.6765111732837319, -0.5395483639614337, -0.501218710114466], "inputs": [0, 0, 0], "outputs": [0, 0, 0], "time_start": null, "time_complete": null, "actions": null, "score": null}, {"designers": [1], "num_inputs": [3], "num_outputs": [3], "coupling": [[-0.2326475942374714, 0.8975477321914049, -0.37454394312761535], [-0.5426397076697642, -0.43938767422595487, -0.7158775170365242], [-0.8071042340092078, 0.03669523370100817, 0.5892675243622701]], "target": [-0.23173841513408777, -0.9642212544677488, -0.12874268671960276], "inputs": [1, 1, 1], "outputs": [1, 1, 1], "time_start": null, "time_complete": null, "actions": null, "score": null}, {"designers": [2], "num_inputs": [3], "num_outputs": [3], "coupling": [[-0.4563828747256225, 0.7299511055459341, -0.5088084660945075], [-0.5685217276893807, -0.6791074275112495, -0.46432332166727847], [-0.6844689304871758, 0.07735945586237064, 0.7249260636688541]], "target": [0.23317958099474434, -0.9569440260815074, -0.17287398287200678], "inputs": [2, 2, 2], "outputs": [2, 2, 2], "time_start": null, "time_complete": null, "actions": null, "score": null}, {"designers": [3], "num_inputs": [3], "num_outputs": [3], "coupling": [[-0.400900868110264, -0.44757662434603335, -0.7993457695437232], [-0.5646660374920518, -0.5663613781416893, 0.6003224595602528], [-0.7214088716195984, 0.692033203458083, -0.02567655078241485]], "target": [0.34685431924002974, -0.08970213639477144, 0.9336196270166718], "inputs": [3, 3, 3], "outputs": [3, 3, 3], "time_start": null, "time_complete": null, "actions": null, "score": null}], "max_time": 240000}, {"name": "Staking System (Pair)", "assignments": [[0, 1], [2, 3]], "tasks": [{"designers": [0, 1], "num_inputs": [1, 1], "num_outputs": [1, 1], "coupling": [[0.7194554505750435, 0.694538591179685], [0.6945385911796849, -0.7194554505750435]], "target": [-0.8692065785169552, -0.49444911149970555], "inputs": [0, 1], "outputs": [0, 1], "time_start": null, "time_complete": null, "actions": null, "score": null}, {"designers": [2, 3], "num_inputs": [1, 1], "num_outputs": [1, 1], "coupling": [[-0.7923122213911428, -0.6101158446018535], [-0.6101158446018535, 0.7923122213911427]], "target": [-0.04638872016749618, -0.9989234638555757], "inputs": [2, 3], "outputs": [2, 3], "time_start": null, "time_complete": null, "actions": null, "score": null}], "max_time": 180000}, {"name": "Impolite Heat (Individual)", "assignments": [[0], [1], [2], [3]], "tasks": [{"designers": [0], "num_inputs": [4], "num_outputs": [4], "coupling": [[-0.4199765167930284, 0.9024447797896276, 0.0028109682222390558, 0.09594395880147041], [-0.46185161224800175, -0.18963849152194562, -0.8397734637948645, -0.21333274550142903], [-0.5395013094463682, -0.33164574396755786, 0.18041673924927182, 0.7525950025163067], [-0.5650231417490532, -0.19910239192921683, 0.5120765842745485, -0.6155360742099567]], "target": [-0.29527096791334273, -0.8469731352459375, 0.41072438251949434, -0.16357580897909343], "inputs": [0, 0, 0, 0], "outputs": [0, 0, 0, 0], "time_start": null, "time_complete": null, "actions": null, "score": null}, {"designers": [1], "num_inputs": [4], "num_outputs": [4], "coupling": [[-0.42801979668582113, 0.1918720099859205, 0.17503726511652984, -0.8656478159445196], [-0.5336096624461883, -0.6223637820818495, -0.5725570597326082, 0.010122462506308485], [-0.6070247574274847, 0.6606085166211227, -0.14496525951383388, 0.4172558030415275], [-0.4044511412509503, -0.3734231410938252, 0.7877343731899498, 0.27649410361065874]], "target": [-0.7045672351279164, -0.6877455287066749, 0.03942674125496956, 0.17040138204308403], "inputs": [1, 1, 1, 1], "outputs": [1, 1, 1, 1], "time_start": null, "time_complete": null, "actions": null, "score": null}, {"designers": [2], "num_inputs": [4], "num_outputs": [4], "coupling": [[-0.5397554080336979, -0.5372118927653958, 0.32041277085479886, -0.5633854258347002], [-0.4608431099024766, -0.40870739899882297, -0.08439417622429737, 0.7832365626542547], [-0.5167026048555506, 0.3017193429243745, -0.7677275937103664, -0.22929936348900393], [-0.47885921280610005, 0.6732956871838109, 0.5484593158551165, 0.12868236391261456]], "target": [0.10721277653531014, 0.9267609909647647, -0.3239594519847711, 0.1570660995992564], "inputs": [2, 2, 2, 2], "outputs": [2, 2, 2, 2], "time_start": null, "time_complete": null, "actions": null, "score": null}, {"designers": [3], "num_inputs": [4], "num_outputs": [4], "coupling": [[-0.6026097345351416, 0.37085204275856815, 0.031399455877386344, -0.7059350851146925], [-0.24730183167300954, -0.8843335753338833, -0.2928779763269789, -0.2664928189857644], [-0.5087307316599368, 0.20612419802283177, -0.6597914789723486, 0.5132066464200077], [-0.5629354799259029, -0.1947709036494736, 0.691311629750794, 0.4089696456993628]], "target": [-0.513269313376371, -0.5130206561572331, 0.6303464544501596, -0.2757313287681754], "inputs": [3, 3, 3, 3], "outputs": [3, 3, 3, 3], "time_start": null, "time_complete": null, "actions": null, "score": null}], "max_time": 600000}, {"name": "Husky Verse (Pair)", "assignments": [[0, 1], [2, 3]], "tasks": [{"designers": [0, 1], "num_inputs": [2, 2], "num_outputs": [2, 2], "coupling": [[-0.45287978361746717, -0.39228575818361794, 0.794003505284496, 0.10281157090927841], [-0.14920636766004747, -0.29987862535648346, -0.34670751957217705, 0.8761302219282867], [-0.7542663768754452, -0.21008857464454594, -0.483302697804057, -0.3916165545713467], [-0.45135307039553824, 0.8438290613533249, 0.12558197228648055, 0.2616526118668126]], "target": [-0.33286145554665536, -0.15725199049451102, 0.6112659560968812, 0.7005918882015706], "inputs": [0, 0, 1, 1], "outputs": [0, 0, 1, 1], "time_start": null, "time_complete": null, "actions": null, "score": null}, {"designers": [2, 3], "num_inputs": [2, 2], "num_outputs": [2, 2], "coupling": [[-0.5576947796104235, -0.5145897337838221, -0.6344168503850324, 0.1472725318147006], [-0.482214589849604, -0.4375174932655589, 0.7335946079394329, -0.19464450576625464], [-0.4099388740180745, 0.4290501374985061, 0.1937083611917366, 0.7812446287083952], [-0.5370248985850214, 0.5997431354200141, -0.14775412669071966, -0.5745268904604732]], "target": [0.5811864140338721, -0.04931602127752907, -0.6013127572452137, 0.5460890496631127], "inputs": [2, 2, 3, 3], "outputs": [2, 2, 3, 3], "time_start": null, "time_complete": null, "actions": null, "score": null}], "max_time": 1200000}, {"name": "Thinkable Ink (Pair)", "assignments": [[0, 1], [2, 3]], "tasks": [{"designers": [0, 1], "num_inputs": [1, 1], "num_outputs": [1, 1], "coupling": [[-0.5905282600401424, -0.8070169602269598], [-0.8070169602269598, 0.5905282600401422]], "target": [0.9933500899945729, 0.11513296099629274], "inputs": [0, 1], "outputs": [0, 1], "time_start": null, "time_complete": null, "actions": null, "score": null}, {"designers": [2, 3], "num_inputs": [1, 1], "num_outputs": [1, 1], "coupling": [[-0.6163693918942491, -0.7874571561271848], [-0.7874571561271849, 0.6163693918942491]], "target": [-0.9626687740094098, -0.27068215963971365], "inputs": [2, 3], "outputs": [2, 3], "time_start": null, "time_complete": null, "actions": null, "score": null}], "max_time": 180000}, {"name": "Absorbed Copper (Pair)", "assignments": [[1, 0], [3, 2]], "tasks": [{"designers": [1, 0], "num_inputs": [2, 1], "num_outputs": [2, 1], "coupling": [[-0.16756776923759992, -0.9766796689821139, 0.13423064817590116], [-0.7615775361726619, 0.21470157942419324, 0.611475991507381], [-0.6260357011464381, 0.0002366215225792187, -0.7797943606492307]], "target": [0.6501681569305662, -0.7572499165596732, 0.06208004175158071], "inputs": [1, 1, 0], "outputs": [1, 1, 0], "time_start": null, "time_complete": null, "actions": null, "score": null}, {"designers": [3, 2], "num_inputs": [2, 1], "num_outputs": [2, 1], "coupling": [[-0.5908514374354685, 0.4980255518587207, 0.6347165734217571], [-0.7178359442363326, 0.03457234134833616, -0.6953533708669477], [-0.3682473842986166, -0.8664729095069912, 0.33707352469115137]], "target": [0.32056712224317985, 0.7194914234673286, -0.6160915611284438], "inputs": [3, 3, 2], "outputs": [3, 3, 2], "time_start": null, "time_complete": null, "actions": null, "score": null}], "max_time": 600000}, {"name": "Economic Motion (Individual)", "assignments": [[0], [1], [2], [3]], "tasks": [{"designers": [0], "num_inputs": [2], "num_outputs": [2], "coupling": [[-0.9294345399867406, -0.36898704025973], [-0.36898704025972995, 0.9294345399867407]], "target": [-0.18708912002967848, -0.9823429447838062], "inputs": [0, 0], "outputs": [0, 0], "time_start": null, "time_complete": null, "actions": null, "score": null}, {"designers": [1], "num_inputs": [2], "num_outputs": [2], "coupling": [[-0.6791530073909381, -0.7339967251642503], [-0.7339967251642504, 0.6791530073909381]], "target": [0.9901692660790311, -0.13987431684377483], "inputs": [1, 1], "outputs": [1, 1], "time_start": null, "time_complete": null, "actions": null, "score": null}, {"designers": [2], "num_inputs": [2], "num_outputs": [2], "coupling": [[0.06612812426709724, 0.9978111400364875], [0.9978111400364876, -0.06612812426709737]], "target": [-0.8091099593542541, -0.5876572756920119], "inputs": [2, 2], "outputs": [2, 2], "time_start": null, "time_complete": null, "actions": null, "score": null}, {"designers": [3], "num_inputs": [2], "num_outputs": [2], "coupling": [[-0.9726914487930086, -0.23210201516780937], [-0.2321020151678094, 0.9726914487930086]], "target": [0.8671544757608896, -0.49803927070850174], "inputs": [3, 3], "outputs": [3, 3], "time_start": null, "time_complete": null, "actions": null, "score": null}], "max_time": 120000}]}