{"name": "experiment004", "num_designers": 4, "error_tol": 0.05, "training": [{"name": "Training Task 1/5 (Individual)", "assignments": [[0], [1], [2], [3]], "tasks": [{"designers": [0], "num_inputs": [1], "num_outputs": [1], "coupling": [[1.0]], "target": [-1.0], "inputs": [0], "outputs": [0], "time_start": null, "time_complete": null, "actions": null}, {"designers": [1], "num_inputs": [1], "num_outputs": [1], "coupling": [[1.0]], "target": [1.0], "inputs": [1], "outputs": [1], "time_start": null, "time_complete": null, "actions": null}, {"designers": [2], "num_inputs": [1], "num_outputs": [1], "coupling": [[1.0]], "target": [-1.0], "inputs": [2], "outputs": [2], "time_start": null, "time_complete": null, "actions": null}, {"designers": [3], "num_inputs": [1], "num_outputs": [1], "coupling": [[1.0]], "target": [1.0], "inputs": [3], "outputs": [3], "time_start": null, "time_complete": null, "actions": null}]}, {"name": "Training Task 2/5 (Individual)", "assignments": [[0], [1], [2], [3]], "tasks": [{"designers": [0], "num_inputs": [2], "num_outputs": [2], "coupling": [[-0.8272283763998272, -0.5618658320977576], [-0.5618658320977576, 0.827228376399827]], "target": [0.9966573314546652, 0.08169555469954032], "inputs": [0, 0], "outputs": [0, 0], "time_start": null, "time_complete": null, "actions": null}, {"designers": [1], "num_inputs": [2], "num_outputs": [2], "coupling": [[-0.6902535820579987, -0.7235675451926391], [-0.723567545192639, 0.6902535820579987]], "target": [0.9646697980909431, -0.2634619149918619], "inputs": [1, 1], "outputs": [1, 1], "time_start": null, "time_complete": null, "actions": null}, {"designers": [2], "num_inputs": [2], "num_outputs": [2], "coupling": [[-0.6895133197724598, -0.7242730022970353], [-0.7242730022970352, 0.6895133197724598]], "target": [-0.866806291616598, 0.49864501683450224], "inputs": [2, 2], "outputs": [2, 2], "time_start": null, "time_complete": null, "actions": null}, {"designers": [3], "num_inputs": [2], "num_outputs": [2], "coupling": [[-0.7376348119333377, -0.6751998846445916], [-0.6751998846445917, 0.7376348119333377]], "target": [0.3012767789559536, 0.953536733672031], "inputs": [3, 3], "outputs": [3, 3], "time_start": null, "time_complete": null, "actions": null}]}, {"name": "Training Task 3/5 (Pair)", "assignments": [[0, 1], [2, 3]], "tasks": [{"designers": [0, 1], "num_inputs": [1, 1], "num_outputs": [1, 1], "coupling": [[0.4022060843650625, 0.9155491607225276], [0.9155491607225275, -0.40220608436506244]], "target": [-0.7634947949047648, -0.6458139810760767], "inputs": [0, 1], "outputs": [0, 1], "time_start": null, "time_complete": null, "actions": null}, {"designers": [2, 3], "num_inputs": [1, 1], "num_outputs": [1, 1], "coupling": [[-0.834723669776064, -0.5506690431789137], [-0.5506690431789137, 0.834723669776064]], "target": [-0.817095997292342, 0.5765016315751699], "inputs": [2, 3], "outputs": [2, 3], "time_start": null, "time_complete": null, "actions": null}]}, {"name": "Training Task 4/5 (Pair)", "assignments": [[0, 1], [2, 3]], "tasks": [{"designers": [0, 1], "num_inputs": [2, 1], "num_outputs": [2, 1], "coupling": [[-0.5711852304866281, 0.27634195702405223, -0.7729052692678802], [-0.7556479914607417, -0.544740558311533, 0.363667206566369], [-0.3205363403348901, 0.791765651514737, 0.5199650061361432]], "target": [0.3354720616551099, 0.41535527428709607, 0.8455403550220185], "inputs": [0, 0, 1], "outputs": [0, 0, 1], "time_start": null, "time_complete": null, "actions": null}, {"designers": [2, 3], "num_inputs": [2, 1], "num_outputs": [2, 1], "coupling": [[-0.08735219710069303, 0.20928560671534155, -0.9739451362800027], [-0.730651015315381, -0.6780283576403164, -0.08016632743352232], [-0.6771400796587698, 0.7046112978496497, 0.2121420077739158]], "target": [-0.35174188994357536, 0.7772175129128158, 0.5217380381767642], "inputs": [2, 2, 3], "outputs": [2, 2, 3], "time_start": null, "time_complete": null, "actions": null}]}, {"name": "Training Task 5/5 (Pair)", "assignments": [[1, 0], [3, 2]], "tasks": [{"designers": [1, 0], "num_inputs": [2, 1], "num_outputs": [2, 1], "coupling": [[-0.5748871667847597, 0.7359505072830879, 0.35760536390825715], [-0.5676022216248465, -0.04390042584851233, -0.8221316625801843], [-0.5893491863680905, -0.6756105412440546, 0.44296493437650936]], "target": [0.17298932881885487, -0.7547765080054266, -0.6327614993644417], "inputs": [1, 1, 0], "outputs": [1, 1, 0], "time_start": null, "time_complete": null, "actions": null}, {"designers": [3, 2], "num_inputs": [2, 1], "num_outputs": [2, 1], "coupling": [[-0.6983061108542215, 0.3364708584281638, -0.631787889225701], [-0.5697879494360871, -0.7955263738257227, 0.2061055099339079], [-0.4332554306884927, 0.5039098629480392, 0.747237968656985]], "target": [0.4224727117118168, 0.8866803454513559, -0.1879222521393579], "inputs": [3, 3, 2], "outputs": [3, 3, 2], "time_start": null, "time_complete": null, "actions": null}]}], "rounds": [{"name": "Chemical Rhythm (Pair)", "assignments": [[0, 1], [2, 3]], "tasks": [{"designers": [0, 1], "num_inputs": [2, 2], "num_outputs": [2, 2], "coupling": [[-0.5236110937702826, 0.8472073627859965, -0.006881211546168409, 0.08957541989599226], [-0.3998162470003614, -0.16768645496873344, -0.4423007759674402, -0.7851103394002436], [-0.5135965825656859, -0.3854409597838949, -0.4677179573763264, 0.6073662233327076], [-0.5497244232268417, -0.3248941424250172, 0.7652206118852101, -0.08175738420384372]], "target": [0.7568810583699397, -0.2834801553442137, -0.008357889453750798, 0.5888125429121724], "inputs": [0, 0, 1, 1], "outputs": [0, 0, 1, 1], "time_start": null, "time_complete": null, "actions": null}, {"designers": [2, 3], "num_inputs": [2, 2], "num_outputs": [2, 2], "coupling": [[-0.525854406221912, 0.11197428855548805, 0.8428553530418893, 0.023103160132865768], [-0.4385732883485594, -0.2558644576719874, -0.2621270677335157, 0.8206559878589692], [-0.475662958312922, -0.6776070166359218, -0.19230115760438396, -0.5268906393918752], [-0.5521551994621904, 0.6803262959848588, -0.4288409017270566, -0.21994601088520785]], "target": [0.5265746873320989, 0.6435144781497449, 0.021597584163408446, -0.5551051787103669], "inputs": [2, 2, 3, 3], "outputs": [2, 2, 3, 3], "time_start": null, "time_complete": null, "actions": null}]}, {"name": "Thinkable Ink (Pair)", "assignments": [[0, 1], [2, 3]], "tasks": [{"designers": [0, 1], "num_inputs": [1, 1], "num_outputs": [1, 1], "coupling": [[-0.7598460671194169, -0.6501030335901797], [-0.6501030335901797, 0.759846067119417]], "target": [0.8274389534729345, -0.5615556769151343], "inputs": [0, 1], "outputs": [0, 1], "time_start": null, "time_complete": null, "actions": null}, {"designers": [2, 3], "num_inputs": [1, 1], "num_outputs": [1, 1], "coupling": [[-0.782876980989815, -0.6221765285160418], [-0.6221765285160418, 0.7828769809898151]], "target": [-0.8194899143793917, 0.5730936051208889], "inputs": [2, 3], "outputs": [2, 3], "time_start": null, "time_complete": null, "actions": null}]}, {"name": "Chief Government (Pair)", "assignments": [[0, 1], [2, 3]], "tasks": [{"designers": [0, 1], "num_inputs": [2, 2], "num_outputs": [2, 2], "coupling": [[-0.2776873245295501, -0.03469080702940165, 0.7751523432422907, 0.5664142851917273], [-0.807227945613834, -0.5098542065331775, -0.29663033907010267, -0.021027930084752355], [-0.376457904009297, 0.38321979542334567, 0.4177233770317306, -0.7327545395190829], [-0.35993366072738536, 0.7694074501743289, -0.36967075484862033, 0.37656801311485877]], "target": [0.6515505516120077, -0.7111119935473315, 0.10831474543251275, 0.2409761964367404], "inputs": [0, 0, 1, 1], "outputs": [0, 0, 1, 1], "time_start": null, "time_complete": null, "actions": null}, {"designers": [2, 3], "num_inputs": [2, 2], "num_outputs": [2, 2], "coupling": [[-0.47855884962220085, 0.646004983267966, 0.21909512203884068, 0.5528619326197238], [-0.5809634061189887, -0.23563687244328696, 0.6191275649985917, -0.4729036300925212], [-0.47152932367853273, 0.28528567269105937, -0.6910770563433412, -0.46763734246133326], [-0.4594812783021349, -0.667656282000934, -0.30181267029984576, 0.5020170873994251]], "target": [0.23275009672986324, 0.8886948536226191, 0.19434449354780192, -0.3439172392372311], "inputs": [2, 2, 3, 3], "outputs": [2, 2, 3, 3], "time_start": null, "time_complete": null, "actions": null}]}, {"name": "Impolite Heat (Individual)", "assignments": [[0], [1], [2], [3]], "tasks": [{"designers": [0], "num_inputs": [4], "num_outputs": [4], "coupling": [[-0.48679194452560354, 0.7470679156152766, 0.42020195928868287, 0.16838481408125744], [-0.3903593012973422, -0.2319425046737228, 0.2967866104341642, -0.8400833281784198], [-0.5473227839796907, 0.12327087082333421, -0.8247364623674694, -0.07107622798636254], [-0.5577553126348093, -0.6106525168951509, 0.23485695416262076, 0.5107393913912655]], "target": [0.012913143584554199, 0.5880649232111074, 0.6767753697422618, -0.4427053147655944], "inputs": [0, 0, 0, 0], "outputs": [0, 0, 0, 0], "time_start": null, "time_complete": null, "actions": null}, {"designers": [1], "num_inputs": [4], "num_outputs": [4], "coupling": [[-0.38076104451614773, 0.5833228660536168, -0.6276570885711092, -0.34756587876891104], [-0.5293705795737855, -0.21107271804343772, 0.49017376924702966, -0.6595034291962625], [-0.44387657098213035, -0.7100380641556185, -0.5056389780453759, 0.20772279861516185], [-0.6146229789015643, 0.33320967736080426, 0.3318214564940401, 0.6333280553784507]], "target": [0.24215461742182187, 0.40290435167826666, 0.6686405168574566, -0.5761502268302946], "inputs": [1, 1, 1, 1], "outputs": [1, 1, 1, 1], "time_start": null, "time_complete": null, "actions": null}, {"designers": [2], "num_inputs": [4], "num_outputs": [4], "coupling": [[-0.6456513465308218, 0.03014427164727343, 0.42989834044551706, -0.6304070736373305], [-0.651426124319036, -0.5364161783776837, -0.3676464405218712, 0.39081681501818627], [-0.37088779915783804, 0.8292713314484079, -0.3883674461828639, 0.15466746916866622], [-0.1456728653987154, 0.1538117853069826, 0.7274573790946028, 0.6526309160528773]], "target": [0.821855956688875, -0.22031907467955653, 0.513559874923833, 0.11076347166631804], "inputs": [2, 2, 2, 2], "outputs": [2, 2, 2, 2], "time_start": null, "time_complete": null, "actions": null}, {"designers": [3], "num_inputs": [4], "num_outputs": [4], "coupling": [[-0.5713285436869708, -0.2566267841243371, 0.6858141465234678, -0.37065529170216044], [-0.38254343467578217, -0.6988681525525475, -0.602893101665553, -0.041996832003553974], [-0.3965678950362601, 0.6023950306581716, -0.40764969206098794, -0.5600677282502826], [-0.6082582678283054, 0.28783020351611976, 0.00077003568694282, 0.7397128230654242]], "target": [-0.7817036919438831, 0.2623529682424246, -0.5399481758012172, 0.1690154593657932], "inputs": [3, 3, 3, 3], "outputs": [3, 3, 3, 3], "time_start": null, "time_complete": null, "actions": null}]}, {"name": "Arrogant Flame (Individual)", "assignments": [[0], [1], [2], [3]], "tasks": [{"designers": [0], "num_inputs": [4], "num_outputs": [4], "coupling": [[-0.4651792670718529, -0.17983291856840367, -0.22396069988177986, -0.8373231011945909], [-0.5418679041039816, 0.2744397709633635, 0.793836213423307, 0.029766640275325586], [-0.3581817914259894, -0.8552211937940313, 0.037192695989822826, 0.3727186839177642], [-0.6014093683002631, 0.40117283457165825, -0.5641652014536322, 0.39885430170828295]], "target": [0.8747723375458993, 0.10138935953572835, -0.4013178041480897, 0.25186817050030985], "inputs": [0, 0, 0, 0], "outputs": [0, 0, 0, 0], "time_start": null, "time_complete": null, "actions": null}, {"designers": [1], "num_inputs": [4], "num_outputs": [4], "coupling": [[-0.5757663589231125, -0.34560679838371827, 0.34061357629369654, -0.6580512384972733], [-0.3419318762917699, -0.3895609579020512, -0.8529029226297867, 0.06230133725365677], [-0.6707446239141908, 0.7161588178228567, -0.04448723535180091, 0.18772075813700664], [-0.31886884670381566, -0.4646662766372882, 0.39314104606965095, 0.7265315050657324]], "target": [-0.6427267608688532, 0.40467501901182923, 0.5719705255962761, 0.3098227843460311], "inputs": [1, 1, 1, 1], "outputs": [1, 1, 1, 1], "time_start": null, "time_complete": null, "actions": null}, {"designers": [2], "num_inputs": [4], "num_outputs": [4], "coupling": [[-0.44399921196274533, -0.3998572870355162, 0.37036602161222987, -0.7112017012185696], [-0.611783992252122, 0.47242190196387496, -0.6028908476360588, -0.19763734263940344], [-0.4322973610790625, 0.4633710625197558, 0.6822337512125192, 0.36464141115606413], [-0.4916340490696258, -0.6342073438306629, -0.18414327187898616, 0.5675986806259877]], "target": [0.9174936252383117, 0.07101060122710717, 0.12128136068544182, 0.37209377005092775], "inputs": [2, 2, 2, 2], "outputs": [2, 2, 2, 2], "time_start": null, "time_complete": null, "actions": null}, {"designers": [3], "num_inputs": [4], "num_outputs": [4], "coupling": [[-0.39205060755414856, 0.23919079748896363, -0.8437473386680499, -0.2778030093494305], [-0.5977058758193564, -0.21336414904950488, 0.4289012193418757, -0.6428585925057306], [-0.6141041937091272, -0.41017338551052696, -0.052265814814557894, 0.6722366530392891], [-0.3345445357441995, 0.8538274393083223, 0.3184375247036782, 0.2401170555135253]], "target": [-0.02080402976083362, 0.8570496922136523, -0.06916175681493024, -0.5101467130311308], "inputs": [3, 3, 3, 3], "outputs": [3, 3, 3, 3], "time_start": null, "time_complete": null, "actions": null}]}, {"name": "Husky Verse (Pair)", "assignments": [[0, 1], [2, 3]], "tasks": [{"designers": [0, 1], "num_inputs": [2, 2], "num_outputs": [2, 2], "coupling": [[-0.475167841023958, -0.42344334630950503, -0.3570312663496283, 0.6836957877386842], [-0.5424651411500002, -0.5334241416538208, 0.14188677116104045, -0.6332917178579633], [-0.5185770831914167, 0.40649185060654647, 0.7058766058129007, 0.2599623079317583], [-0.4593744684703578, 0.609031027910368, -0.5950924603658946, -0.25282655789232894]], "target": [-0.6694524182037929, 0.5966337941220705, -0.3067630566171642, -0.3189953017953259], "inputs": [0, 0, 1, 1], "outputs": [0, 0, 1, 1], "time_start": null, "time_complete": null, "actions": null}, {"designers": [2, 3], "num_inputs": [2, 2], "num_outputs": [2, 2], "coupling": [[-0.6260534771151983, 0.7204990344739736, -0.29822448744849606, -0.0005832667692354444], [-0.5097425981289618, -0.5433093874152224, -0.24374234866348082, 0.6209404646721308], [-0.3778833580209175, 0.05225585484772415, 0.9193385397325362, 0.09638538648268295], [-0.45323690844363246, -0.4277445224695476, -0.08042681093105254, -0.7779090283607834]], "target": [-0.5852232922431297, 0.3952323542515336, -0.5856918320928751, -0.3978318265154186], "inputs": [2, 2, 3, 3], "outputs": [2, 2, 3, 3], "time_start": null, "time_complete": null, "actions": null}]}, {"name": "Towering Test (Pair)", "assignments": [[0, 1], [2, 3]], "tasks": [{"designers": [0, 1], "num_inputs": [1, 1], "num_outputs": [1, 1], "coupling": [[-0.7059972857281218, -0.7082145385012409], [-0.7082145385012409, 0.7059972857281214]], "target": [0.9683132691916907, -0.24973868884756384], "inputs": [0, 1], "outputs": [0, 1], "time_start": null, "time_complete": null, "actions": null}, {"designers": [2, 3], "num_inputs": [1, 1], "num_outputs": [1, 1], "coupling": [[-0.8604454564270764, -0.5095425561363842], [-0.5095425561363842, 0.8604454564270767]], "target": [-0.18124182702690073, 0.9834385594107804], "inputs": [2, 3], "outputs": [2, 3], "time_start": null, "time_complete": null, "actions": null}]}, {"name": "Unwritten Experience (Individual)", "assignments": [[0], [1], [2], [3]], "tasks": [{"designers": [0], "num_inputs": [3], "num_outputs": [3], "coupling": [[-0.5241204771986171, 0.6722059727474626, 0.5229119004036259], [-0.7140877562135196, -0.012282918540155266, -0.6999484311990971], [-0.4640866317909141, -0.7402622914310666, 0.48645178391921967]], "target": [0.3702657538427099, -0.8860312557814836, -0.27901950704131323], "inputs": [0, 0, 0], "outputs": [0, 0, 0], "time_start": null, "time_complete": null, "actions": null}, {"designers": [1], "num_inputs": [3], "num_outputs": [3], "coupling": [[-0.5556109340793471, -0.7448246794543241, -0.3695032974240404], [-0.578326473131326, 0.026913445836667806, 0.8153613658425806], [-0.5973566609714487, 0.6667172288976486, -0.44570523475059465]], "target": [0.0965192718575778, -0.5655624734900818, 0.8190379226506325], "inputs": [1, 1, 1], "outputs": [1, 1, 1], "time_start": null, "time_complete": null, "actions": null}, {"designers": [2], "num_inputs": [3], "num_outputs": [3], "coupling": [[-0.5460131615765987, 0.34918911398744074, -0.7615356787818894], [-0.5996185363929049, -0.7977112433918615, 0.06414345625425315], [-0.5850873765508513, 0.4916540804660089, 0.6449411034830743]], "target": [-0.6224493709959009, -0.6312817649769258, 0.46264469493816196], "inputs": [2, 2, 2], "outputs": [2, 2, 2], "time_start": null, "time_complete": null, "actions": null}, {"designers": [3], "num_inputs": [3], "num_outputs": [3], "coupling": [[-0.7197812414006739, -0.30664138745121783, 0.622804964679712], [-0.3098635925165144, 0.9447371122319969, 0.10703430666990443], [-0.6212081121174007, -0.11594329766545217, -0.775021053369517]], "target": [-0.10377075082447318, -0.6543920105890353, -0.7490011533706507], "inputs": [3, 3, 3], "outputs": [3, 3, 3], "time_start": null, "time_complete": null, "actions": null}]}, {"name": "Absorbed Copper (Pair)", "assignments": [[1, 0], [3, 2]], "tasks": [{"designers": [1, 0], "num_inputs": [2, 1], "num_outputs": [2, 1], "coupling": [[-0.6049764558478414, -0.5138086551286589, 0.6082796674101996], [-0.4390054967339971, 0.8525724171173745, 0.2835391461649929], [-0.6642873336946303, -0.09550360980358476, -0.7413510631322807]], "target": [-0.6511664044989038, 0.4671746023716543, 0.5981055128912095], "inputs": [1, 1, 0], "outputs": [1, 1, 0], "time_start": null, "time_complete": null, "actions": null}, {"designers": [3, 2], "num_inputs": [2, 1], "num_outputs": [2, 1], "coupling": [[-0.7266146300190577, 0.6462802438149624, -0.23313735414287473], [-0.24683801871688205, -0.5622416174977042, -0.7892752093341645], [-0.6411724978180143, -0.5159517516280351, 0.56805951979856]], "target": [0.029675574396075932, 0.8893880079128803, 0.45618892102397807], "inputs": [3, 3, 2], "outputs": [3, 3, 2], "time_start": null, "time_complete": null, "actions": null}]}, {"name": "Flat Sleep (Individual)", "assignments": [[0], [1], [2], [3]], "tasks": [{"designers": [0], "num_inputs": [2], "num_outputs": [2], "coupling": [[-0.8374662393942969, -0.5464890647348528], [-0.5464890647348529, 0.8374662393942969]], "target": [0.7041025382347983, 0.7100983140744065], "inputs": [0, 0], "outputs": [0, 0], "time_start": null, "time_complete": null, "actions": null}, {"designers": [1], "num_inputs": [2], "num_outputs": [2], "coupling": [[0.4598445432782021, 0.8879994346942242], [0.8879994346942243, -0.4598445432782022]], "target": [-0.9958110112138157, -0.0914353867237281], "inputs": [1, 1], "outputs": [1, 1], "time_start": null, "time_complete": null, "actions": null}, {"designers": [2], "num_inputs": [2], "num_outputs": [2], "coupling": [[-0.6136521638489355, -0.789576482554742], [-0.789576482554742, 0.6136521638489356]], "target": [-0.9924433075855141, 0.1227040391703736], "inputs": [2, 2], "outputs": [2, 2], "time_start": null, "time_complete": null, "actions": null}, {"designers": [3], "num_inputs": [2], "num_outputs": [2], "coupling": [[-0.5448092707845569, -0.8385599909769123], [-0.8385599909769123, 0.544809270784557]], "target": [-0.17098192225322495, -0.9852741660383633], "inputs": [3, 3], "outputs": [3, 3], "time_start": null, "time_complete": null, "actions": null}]}, {"name": "Hallowed Sign (Pair)", "assignments": [[1, 0], [3, 2]], "tasks": [{"designers": [1, 0], "num_inputs": [2, 1], "num_outputs": [2, 1], "coupling": [[-0.24968155441843592, 0.04586960947295729, -0.9672409732377923], [-0.713985866091484, -0.6834855249962616, 0.15189377914245775], [-0.6541278960606915, 0.7285214588791347, 0.20340398115039485]], "target": [0.49518762720847187, -0.5193444192631773, 0.6964700912744469], "inputs": [1, 1, 0], "outputs": [1, 1, 0], "time_start": null, "time_complete": null, "actions": null}, {"designers": [3, 2], "num_inputs": [2, 1], "num_outputs": [2, 1], "coupling": [[-0.5625954768295583, 0.41438183481461854, 0.7153838301405702], [-0.694624515238952, 0.23230511188843672, -0.6808311962737548], [-0.44831140101493366, -0.87995569772925, 0.15714597593911303]], "target": [-0.14912338648978274, 0.755238766059353, 0.6382606221936028], "inputs": [3, 3, 2], "outputs": [3, 3, 2], "time_start": null, "time_complete": null, "actions": null}]}, {"name": "Better Behavior (Pair)", "assignments": [[0, 1], [2, 3]], "tasks": [{"designers": [0, 1], "num_inputs": [2, 1], "num_outputs": [2, 1], "coupling": [[-0.8955420710760685, -0.15777961560091647, -0.4160648889699931], [-0.28297489436493073, -0.5196676458435306, 0.8061456115507911], [-0.34340880607803576, 0.8396732285623197, 0.4207365697723317]], "target": [-0.7629295567345806, -0.6066667128106477, -0.22336962870609703], "inputs": [0, 0, 1], "outputs": [0, 0, 1], "time_start": null, "time_complete": null, "actions": null}, {"designers": [2, 3], "num_inputs": [2, 1], "num_outputs": [2, 1], "coupling": [[-0.6967964714794928, -0.41376893619762445, -0.5858924344720751], [-0.21611991149691592, -0.6577624494068927, 0.7215543943493173], [-0.6839348369459576, 0.6293995770479444, 0.3689028479472276]], "target": [0.39842701307988815, 0.009348285326065723, -0.9171523999912452], "inputs": [2, 2, 3], "outputs": [2, 2, 3], "time_start": null, "time_complete": null, "actions": null}]}, {"name": "Staking System (Pair)", "assignments": [[0, 1], [2, 3]], "tasks": [{"designers": [0, 1], "num_inputs": [1, 1], "num_outputs": [1, 1], "coupling": [[-0.3357063035725661, -0.9419667073424856], [-0.9419667073424857, 0.33570630357256603]], "target": [0.7722209207938282, -0.6353541134582603], "inputs": [0, 1], "outputs": [0, 1], "time_start": null, "time_complete": null, "actions": null}, {"designers": [2, 3], "num_inputs": [1, 1], "num_outputs": [1, 1], "coupling": [[-0.6499875664917725, -0.7599448423445639], [-0.7599448423445638, 0.6499875664917724]], "target": [-0.033919913705418026, -0.9994245541581502], "inputs": [2, 3], "outputs": [2, 3], "time_start": null, "time_complete": null, "actions": null}]}, {"name": "Economic Motion (Individual)", "assignments": [[0], [1], [2], [3]], "tasks": [{"designers": [0], "num_inputs": [2], "num_outputs": [2], "coupling": [[-0.9344070668212199, -0.35620700930015947], [-0.35620700930015947, 0.93440706682122]], "target": [0.7588240962441264, 0.651295624858086], "inputs": [0, 0], "outputs": [0, 0], "time_start": null, "time_complete": null, "actions": null}, {"designers": [1], "num_inputs": [2], "num_outputs": [2], "coupling": [[-0.38662442594688445, -0.9222372543230088], [-0.922237254323009, 0.38662442594688434]], "target": [-0.9489882510447187, -0.31531143236344306], "inputs": [1, 1], "outputs": [1, 1], "time_start": null, "time_complete": null, "actions": null}, {"designers": [2], "num_inputs": [2], "num_outputs": [2], "coupling": [[-0.3695436506586523, -0.9292133717601551], [-0.9292133717601551, 0.3695436506586521]], "target": [0.3700884776002886, -0.9289965116982413], "inputs": [2, 2], "outputs": [2, 2], "time_start": null, "time_complete": null, "actions": null}, {"designers": [3], "num_inputs": [2], "num_outputs": [2], "coupling": [[-0.8833125096425579, -0.4687846097185426], [-0.46878460971854263, 0.8833125096425576]], "target": [0.033982440919715584, -0.9994224300610519], "inputs": [3, 3], "outputs": [3, 3], "time_start": null, "time_complete": null, "actions": null}]}, {"name": "Noiseless Stone (Individual)", "assignments": [[0], [1], [2], [3]], "tasks": [{"designers": [0], "num_inputs": [3], "num_outputs": [3], "coupling": [[-0.7176324208541203, -0.06589388818277625, 0.6932977023178508], [-0.24853745512678846, 0.954192504876301, -0.1665706968136655], [-0.6505634803292872, -0.2918469789770766, -0.7011365765125929]], "target": [0.08604231982648036, 0.7123516904398413, -0.6965283830012804], "inputs": [0, 0, 0], "outputs": [0, 0, 0], "time_start": null, "time_complete": null, "actions": null}, {"designers": [1], "num_inputs": [3], "num_outputs": [3], "coupling": [[0.748829680126661, 0.05741818756966223, 0.6602705974807741], [0.5251299804361471, -0.6591947117662033, -0.5382386418927985], [0.40434219889659667, 0.7497769559780346, -0.5237765768682078]], "target": [0.5172232177073326, 0.5768860421108976, -0.6322045851479544], "inputs": [1, 1, 1], "outputs": [1, 1, 1], "time_start": null, "time_complete": null, "actions": null}, {"designers": [2], "num_inputs": [3], "num_outputs": [3], "coupling": [[-0.728499219045265, 0.6442387077761712, 0.23290636584972882], [-0.37407381423725317, -0.08928156011358791, -0.9230913197109355], [-0.573896915266524, -0.7595954781504244, 0.30603437751500334]], "target": [0.8437148299153541, 0.4551869511881751, -0.28451735491691743], "inputs": [2, 2, 2], "outputs": [2, 2, 2], "time_start": null, "time_complete": null, "actions": null}, {"designers": [3], "num_inputs": [3], "num_outputs": [3], "coupling": [[-0.8865813227824989, 0.15972840098233806, -0.434120255243706], [-0.3247493116039227, -0.8832509533989777, 0.33823902485161944], [-0.3294107507444366, 0.440856656113324, 0.8349454868759786]], "target": [-0.6970003005214918, -0.03450056369364309, -0.7162403871451057], "inputs": [3, 3, 3], "outputs": [3, 3, 3], "time_start": null, "time_complete": null, "actions": null}]}]}