{"name": "experiment008", "num_designers": 4, "error_tol": 0.05, "training": [{"name": "Training Task 1/5 (Individual)", "assignments": [[0], [1], [2], [3]], "tasks": [{"designers": [0], "num_inputs": [1], "num_outputs": [1], "coupling": [[1.0]], "target": [1.0], "inputs": [0], "outputs": [0], "time_start": null, "time_complete": null, "actions": null, "score": null}, {"designers": [1], "num_inputs": [1], "num_outputs": [1], "coupling": [[1.0]], "target": [1.0], "inputs": [1], "outputs": [1], "time_start": null, "time_complete": null, "actions": null, "score": null}, {"designers": [2], "num_inputs": [1], "num_outputs": [1], "coupling": [[1.0]], "target": [1.0], "inputs": [2], "outputs": [2], "time_start": null, "time_complete": null, "actions": null, "score": null}, {"designers": [3], "num_inputs": [1], "num_outputs": [1], "coupling": [[1.0]], "target": [-1.0], "inputs": [3], "outputs": [3], "time_start": null, "time_complete": null, "actions": null, "score": null}], "max_time": 90000}, {"name": "Training Task 2/5 (Individual)", "assignments": [[0], [1], [2], [3]], "tasks": [{"designers": [0], "num_inputs": [2], "num_outputs": [2], "coupling": [[-0.4701376296472448, -0.8825931164413585], [-0.8825931164413585, 0.4701376296472448]], "target": [-0.26451892071421224, -0.964380495750608], "inputs": [0, 0], "outputs": [0, 0], "time_start": null, "time_complete": null, "actions": null, "score": null}, {"designers": [1], "num_inputs": [2], "num_outputs": [2], "coupling": [[-0.8867505418672601, -0.46224828447288013], [-0.46224828447288013, 0.88675054186726]], "target": [0.6720720116525511, -0.7404857940253096], "inputs": [1, 1], "outputs": [1, 1], "time_start": null, "time_complete": null, "actions": null, "score": null}, {"designers": [2], "num_inputs": [2], "num_outputs": [2], "coupling": [[-0.8853558577785201, -0.4649139760184252], [-0.4649139760184253, 0.8853558577785201]], "target": [0.7445460996700675, -0.667571049002344], "inputs": [2, 2], "outputs": [2, 2], "time_start": null, "time_complete": null, "actions": null, "score": null}, {"designers": [3], "num_inputs": [2], "num_outputs": [2], "coupling": [[-0.7486104115221812, -0.6630101445382194], [-0.6630101445382194, 0.7486104115221812]], "target": [-0.9995109500188122, -0.0312707657803784], "inputs": [3, 3], "outputs": [3, 3], "time_start": null, "time_complete": null, "actions": null, "score": null}], "max_time": 120000}, {"name": "Training Task 3/5 (Pair)", "assignments": [[0, 1], [2, 3]], "tasks": [{"designers": [0, 1], "num_inputs": [1, 1], "num_outputs": [1, 1], "coupling": [[-1, 0], [0, -1]], "target": [0.7827713204920648, 0.6223094566332004], "inputs": [0, 1], "outputs": [0, 1], "time_start": null, "time_complete": null, "actions": null, "score": null}, {"designers": [2, 3], "num_inputs": [1, 1], "num_outputs": [1, 1], "coupling": [[1, 0], [0, -1]], "target": [0.3084762254561555, -0.9512320528285005], "inputs": [2, 3], "outputs": [2, 3], "time_start": null, "time_complete": null, "actions": null, "score": null}], "max_time": 270000}, {"name": "Training Task 4/5 (Pair)", "assignments": [[0, 1], [2, 3]], "tasks": [{"designers": [0, 1], "num_inputs": [1, 1], "num_outputs": [1, 1], "coupling": [[-0.6044107267427553, -0.7966728772829503], [-0.7966728772829503, 0.6044107267427553]], "target": [-0.18335209766797833, 0.9830473072445456], "inputs": [0, 1], "outputs": [0, 1], "time_start": null, "time_complete": null, "actions": null, "score": null}, {"designers": [2, 3], "num_inputs": [1, 1], "num_outputs": [1, 1], "coupling": [[-0.7953260854056389, -0.6061818356511042], [-0.6061818356511042, 0.795326085405639]], "target": [0.9857810579195161, 0.16803483521901008], "inputs": [2, 3], "outputs": [2, 3], "time_start": null, "time_complete": null, "actions": null, "score": null}], "max_time": 270000}, {"name": "Training Task 5/5 (Pair)", "assignments": [[0, 1], [2, 3]], "tasks": [{"designers": [0, 1], "num_inputs": [2, 1], "num_outputs": [2, 1], "coupling": [[-0.22448476673357412, 0.07550771796804888, -0.9715478238521408], [-0.6685534929209039, -0.7372879009392954, 0.09717395860922058], [-0.7089730718495811, 0.6713457646070207, 0.21599085104786991]], "target": [-0.5629966074727679, 0.2727241802790422, -0.7801643041470679], "inputs": [0, 0, 1], "outputs": [0, 0, 1], "time_start": null, "time_complete": null, "actions": null, "score": null}, {"designers": [2, 3], "num_inputs": [2, 1], "num_outputs": [2, 1], "coupling": [[-0.7913601688732061, -0.10023775759251519, 0.6030766742909187], [-0.43706421757815883, 0.7825096176127095, -0.4434563879981924], [-0.4274622238675161, -0.61451695688275, -0.6630572802328635]], "target": [-0.03582633906467425, -0.9177854812097198, -0.39545705697315103], "inputs": [2, 2, 3], "outputs": [2, 2, 3], "time_start": null, "time_complete": null, "actions": null, "score": null}], "max_time": 540000}], "rounds": [{"name": "Flat Sleep (Individual)", "assignments": [[0], [1], [2], [3]], "tasks": [{"designers": [0], "num_inputs": [2], "num_outputs": [2], "coupling": [[-0.7031006202189299, -0.7110903724898516], [-0.7110903724898517, 0.7031006202189299]], "target": [-0.1854470257345342, 0.9826542630275487], "inputs": [0, 0], "outputs": [0, 0], "time_start": null, "time_complete": null, "actions": null, "score": null}, {"designers": [1], "num_inputs": [2], "num_outputs": [2], "coupling": [[-0.7272067508093325, -0.6864184886622251], [-0.6864184886622251, 0.7272067508093325]], "target": [0.9113581691999191, 0.41161424590576495], "inputs": [1, 1], "outputs": [1, 1], "time_start": null, "time_complete": null, "actions": null, "score": null}, {"designers": [2], "num_inputs": [2], "num_outputs": [2], "coupling": [[0.8377365813319395, 0.5460745556224672], [0.5460745556224671, -0.8377365813319394]], "target": [-0.9941688733115683, -0.10783436993095753], "inputs": [2, 2], "outputs": [2, 2], "time_start": null, "time_complete": null, "actions": null, "score": null}, {"designers": [3], "num_inputs": [2], "num_outputs": [2], "coupling": [[-0.8680293073948935, -0.4965129620700161], [-0.4965129620700161, 0.8680293073948937]], "target": [0.9743203605439112, -0.22516623865398283], "inputs": [3, 3], "outputs": [3, 3], "time_start": null, "time_complete": null, "actions": null, "score": null}], "max_time": 120000}, {"name": "Economic Motion (Individual)", "assignments": [[0], [1], [2], [3]], "tasks": [{"designers": [0], "num_inputs": [2], "num_outputs": [2], "coupling": [[-0.6438989042881846, -0.7651105809335509], [-0.7651105809335511, 0.6438989042881843]], "target": [-0.9871622379733651, -0.1597207435476596], "inputs": [0, 0], "outputs": [0, 0], "time_start": null, "time_complete": null, "actions": null, "score": null}, {"designers": [1], "num_inputs": [2], "num_outputs": [2], "coupling": [[-0.4381604096292811, -0.8988967991007091], [-0.8988967991007089, 0.4381604096292812]], "target": [-0.8096347374221167, -0.5869340609978435], "inputs": [1, 1], "outputs": [1, 1], "time_start": null, "time_complete": null, "actions": null, "score": null}, {"designers": [2], "num_inputs": [2], "num_outputs": [2], "coupling": [[-0.7607240639626148, -0.6490754181974567], [-0.6490754181974567, 0.7607240639626149]], "target": [0.10927484623593564, 0.9940115733632645], "inputs": [2, 2], "outputs": [2, 2], "time_start": null, "time_complete": null, "actions": null, "score": null}, {"designers": [3], "num_inputs": [2], "num_outputs": [2], "coupling": [[-0.797417227889756, -0.6034283426096397], [-0.6034283426096397, 0.7974172278897561]], "target": [0.8041499335545104, -0.5944265172115697], "inputs": [3, 3], "outputs": [3, 3], "time_start": null, "time_complete": null, "actions": null, "score": null}], "max_time": 120000}, {"name": "Unwritten Experience (Individual)", "assignments": [[0], [1], [2], [3]], "tasks": [{"designers": [0], "num_inputs": [3], "num_outputs": [3], "coupling": [[-0.7392616942847271, 0.08079883600972522, -0.6685534350093105], [-0.6453356978896695, -0.36870478638861914, 0.6690281141502024], [-0.19244215856336735, 0.9260282547490637, 0.3247116983015478]], "target": [-0.7127541838233933, 0.26193330707909407, -0.6506707432218368], "inputs": [0, 0, 0], "outputs": [0, 0, 0], "time_start": null, "time_complete": null, "actions": null, "score": null}, {"designers": [1], "num_inputs": [3], "num_outputs": [3], "coupling": [[-0.4636162536253554, -0.39724727181484915, -0.7919940494789403], [-0.6548533719690337, -0.448494645970357, 0.6082923752248672], [-0.59684757735554, 0.8006542059913153, -0.052209307917646275]], "target": [-0.4678055314972551, 0.0037788940763608557, 0.8838233447132579], "inputs": [1, 1, 1], "outputs": [1, 1, 1], "time_start": null, "time_complete": null, "actions": null, "score": null}, {"designers": [2], "num_inputs": [3], "num_outputs": [3], "coupling": [[-0.5153822414958702, -0.3428392968907218, 0.7853931255480715], [-0.564825574313126, 0.8251441195320103, -0.010452397026131486], [-0.6444790266195956, -0.4489971030076027, -0.6189090286449533]], "target": [-0.4734133327420904, 0.6348595099203064, 0.6106007034435641], "inputs": [2, 2, 2], "outputs": [2, 2, 2], "time_start": null, "time_complete": null, "actions": null, "score": null}, {"designers": [3], "num_inputs": [3], "num_outputs": [3], "coupling": [[-0.3744269980658684, -0.7235163067774594, -0.579938425133641], [-0.8124997562025361, -0.04538115540613454, 0.581192478362224], [-0.44682051126845335, 0.6888139840051954, -0.5708648930777657]], "target": [-0.5175820273689937, 0.19602544337410818, -0.8328762636157826], "inputs": [3, 3, 3], "outputs": [3, 3, 3], "time_start": null, "time_complete": null, "actions": null, "score": null}], "max_time": 240000}, {"name": "Noiseless Stone (Individual)", "assignments": [[0], [1], [2], [3]], "tasks": [{"designers": [0], "num_inputs": [3], "num_outputs": [3], "coupling": [[-0.5972276423881916, 0.5851299998740622, -0.5485818320130752], [-0.5468865878878162, -0.7973861124226321, -0.2551282965567385], [-0.5867147545067057, 0.14764237522778162, 0.7962207770971784]], "target": [0.418989510992718, -0.5428961224656212, 0.7278128810964232], "inputs": [0, 0, 0], "outputs": [0, 0, 0], "time_start": null, "time_complete": null, "actions": null, "score": null}, {"designers": [1], "num_inputs": [3], "num_outputs": [3], "coupling": [[-0.7077293918981763, 0.705831081515045, -0.030357737246698487], [-0.39709841541428875, -0.4329711983393809, -0.8092272794981773], [-0.584321791754251, -0.5606589210704331, 0.5867108469299329]], "target": [0.9005334532927491, 0.22450480645893156, -0.37234002118691734], "inputs": [1, 1, 1], "outputs": [1, 1, 1], "time_start": null, "time_complete": null, "actions": null, "score": null}, {"designers": [2], "num_inputs": [3], "num_outputs": [3], "coupling": [[-0.5002970582759184, 0.8013883001353703, 0.32784088501375697], [-0.502053932617536, 0.039992210740766136, -0.8639111481068714], [-0.705439368212271, -0.5968060116036091, 0.38233216224908945]], "target": [0.846184857024616, -0.278375902590673, 0.4543985525934897], "inputs": [2, 2, 2], "outputs": [2, 2, 2], "time_start": null, "time_complete": null, "actions": null, "score": null}, {"designers": [3], "num_inputs": [3], "num_outputs": [3], "coupling": [[-0.20203278098888197, 0.9433055669837207, 0.26335786053091104], [-0.19396502588649595, 0.22503794034087232, -0.9548484142208066], [-0.9599793352665198, -0.24399289478314395, 0.1375032478037965]], "target": [0.5138691420310109, 0.8558261703556141, -0.05916139791076578], "inputs": [3, 3, 3], "outputs": [3, 3, 3], "time_start": null, "time_complete": null, "actions": null, "score": null}], "max_time": 240000}, {"name": "Staking System (Pair)", "assignments": [[0, 1], [2, 3]], "tasks": [{"designers": [0, 1], "num_inputs": [1, 1], "num_outputs": [1, 1], "coupling": [[-0.9314275825146157, -0.3639267213753046], [-0.36392672137530463, 0.9314275825146157]], "target": [0.0992103559534192, 0.9950664828400139], "inputs": [0, 1], "outputs": [0, 1], "time_start": null, "time_complete": null, "actions": null, "score": null}, {"designers": [2, 3], "num_inputs": [1, 1], "num_outputs": [1, 1], "coupling": [[-0.7466436538778339, -0.6652242134227804], [-0.6652242134227805, 0.746643653877834]], "target": [0.4758963667430356, -0.879501363342194], "inputs": [2, 3], "outputs": [2, 3], "time_start": null, "time_complete": null, "actions": null, "score": null}], "max_time": 180000}, {"name": "Towering Test (Pair)", "assignments": [[0, 1], [2, 3]], "tasks": [{"designers": [0, 1], "num_inputs": [1, 1], "num_outputs": [1, 1], "coupling": [[-0.5052774484739596, -0.8629569514545007], [-0.8629569514545007, 0.5052774484739595]], "target": [-0.4153916143729093, 0.9096426807866197], "inputs": [0, 1], "outputs": [0, 1], "time_start": null, "time_complete": null, "actions": null, "score": null}, {"designers": [2, 3], "num_inputs": [1, 1], "num_outputs": [1, 1], "coupling": [[-0.9094351119989401, -0.41584585733595486], [-0.4158458573359548, 0.9094351119989402]], "target": [0.9210883348674521, -0.38935366875259386], "inputs": [2, 3], "outputs": [2, 3], "time_start": null, "time_complete": null, "actions": null, "score": null}], "max_time": 180000}, {"name": "Thinkable Ink (Pair)", "assignments": [[0, 1], [2, 3]], "tasks": [{"designers": [0, 1], "num_inputs": [1, 1], "num_outputs": [1, 1], "coupling": [[-0.8486159437351349, -0.5290094328445635], [-0.5290094328445634, 0.8486159437351348]], "target": [-0.8077968246726881, 0.5894610165640494], "inputs": [0, 1], "outputs": [0, 1], "time_start": null, "time_complete": null, "actions": null, "score": null}, {"designers": [2, 3], "num_inputs": [1, 1], "num_outputs": [1, 1], "coupling": [[-0.8814473010785125, -0.47228238948896495], [-0.472282389488965, 0.8814473010785124]], "target": [0.9995380466007864, -0.030392324647578586], "inputs": [2, 3], "outputs": [2, 3], "time_start": null, "time_complete": null, "actions": null, "score": null}], "max_time": 180000}, {"name": "Better Behavior (Pair)", "assignments": [[0, 1], [2, 3]], "tasks": [{"designers": [0, 1], "num_inputs": [2, 1], "num_outputs": [2, 1], "coupling": [[-0.558156484819326, 0.2923922850921521, 0.7765101995934904], [-0.702626156150469, 0.3312214680164923, -0.6297688653928649], [-0.4413364058712473, -0.8971059529083447, 0.020569057077569085]], "target": [-0.8494094500730127, 0.02259248334606507, 0.5272505721409125], "inputs": [0, 0, 1], "outputs": [0, 0, 1], "time_start": null, "time_complete": null, "actions": null, "score": null}, {"designers": [2, 3], "num_inputs": [2, 1], "num_outputs": [2, 1], "coupling": [[-0.5604565741656363, 0.8210958078946607, -0.10812077844860479], [-0.537410128165208, -0.4599019332205924, -0.7068808711271064], [-0.6301418749932217, -0.338070829971732, 0.6990202653015511]], "target": [-0.46066800966940047, -0.10321948562688028, 0.8815501815859127], "inputs": [2, 2, 3], "outputs": [2, 2, 3], "time_start": null, "time_complete": null, "actions": null, "score": null}], "max_time": 360000}, {"name": "Hallowed Sign (Pair)", "assignments": [[1, 0], [3, 2]], "tasks": [{"designers": [1, 0], "num_inputs": [2, 1], "num_outputs": [2, 1], "coupling": [[-0.4978683117927, -0.5530694692277299, 0.6680129537073689], [-0.59867758762576, 0.7764698525866299, 0.19667158945485064], [-0.6274649712830885, -0.30200783140881277, -0.7176900302919489]], "target": [0.004321192232074722, 0.9425397459244911, -0.33406609323648717], "inputs": [1, 1, 0], "outputs": [1, 1, 0], "time_start": null, "time_complete": null, "actions": null, "score": null}, {"designers": [3, 2], "num_inputs": [2, 1], "num_outputs": [2, 1], "coupling": [[-0.621469080169859, 0.6975850741632785, 0.3565827347158613], [-0.3959379673826363, 0.11308469881826048, -0.9112875379802412], [-0.6760246359251533, -0.7075216711859759, 0.20592177258480412]], "target": [-0.28600677425092025, -0.23866809226048227, 0.9280289148616679], "inputs": [3, 3, 2], "outputs": [3, 3, 2], "time_start": null, "time_complete": null, "actions": null, "score": null}], "max_time": 360000}, {"name": "Absorbed Copper (Pair)", "assignments": [[1, 0], [3, 2]], "tasks": [{"designers": [1, 0], "num_inputs": [2, 1], "num_outputs": [2, 1], "coupling": [[-0.571269399414645, 0.7903100013671046, 0.2214980248931295], [-0.3309628675378605, 0.02514463708643891, -0.9433087127430275], [-0.7510757975088446, -0.612191023263914, 0.24719890256943833]], "target": [-0.579225760920556, -0.8145190520976043, -0.03249971778373831], "inputs": [1, 1, 0], "outputs": [1, 1, 0], "time_start": null, "time_complete": null, "actions": null, "score": null}, {"designers": [3, 2], "num_inputs": [2, 1], "num_outputs": [2, 1], "coupling": [[-0.33608778807093986, 0.9306885707520554, -0.14444300945729383], [-0.6239843986989424, -0.33490776434811137, -0.7060313446014062], [-0.7054703883862897, -0.14715832851336297, 0.6932935579242395]], "target": [-0.3651877688369165, -0.08427599181406505, 0.9271113475174764], "inputs": [3, 3, 2], "outputs": [3, 3, 2], "time_start": null, "time_complete": null, "actions": null, "score": null}], "max_time": 360000}]}