{"name": "experiment005", "num_designers": 4, "error_tol": 0.05, "training": [{"name": "Training Task 1/5 (Individual)", "assignments": [[0], [1], [2], [3]], "tasks": [{"designers": [0], "num_inputs": [1], "num_outputs": [1], "coupling": [[1.0]], "target": [1.0], "inputs": [0], "outputs": [0], "time_start": null, "time_complete": null, "actions": null, "score": null}, {"designers": [1], "num_inputs": [1], "num_outputs": [1], "coupling": [[1.0]], "target": [1.0], "inputs": [1], "outputs": [1], "time_start": null, "time_complete": null, "actions": null, "score": null}, {"designers": [2], "num_inputs": [1], "num_outputs": [1], "coupling": [[1.0]], "target": [-1.0], "inputs": [2], "outputs": [2], "time_start": null, "time_complete": null, "actions": null, "score": null}, {"designers": [3], "num_inputs": [1], "num_outputs": [1], "coupling": [[1.0]], "target": [-1.0], "inputs": [3], "outputs": [3], "time_start": null, "time_complete": null, "actions": null, "score": null}]}, {"name": "Training Task 2/5 (Individual)", "assignments": [[0], [1], [2], [3]], "tasks": [{"designers": [0], "num_inputs": [2], "num_outputs": [2], "coupling": [[-0.4633363276680483, -0.8861825136297186], [-0.8861825136297184, 0.46333632766804855]], "target": [-0.9743399469871878, -0.2250814690395541], "inputs": [0, 0], "outputs": [0, 0], "time_start": null, "time_complete": null, "actions": null, "score": null}, {"designers": [1], "num_inputs": [2], "num_outputs": [2], "coupling": [[-0.6733341241436325, -0.7393383239517123], [-0.7393383239517124, 0.6733341241436326]], "target": [0.2903458649574502, -0.9569217725091796], "inputs": [1, 1], "outputs": [1, 1], "time_start": null, "time_complete": null, "actions": null, "score": null}, {"designers": [2], "num_inputs": [2], "num_outputs": [2], "coupling": [[-0.5990838980109061, -0.8006862576215842], [-0.8006862576215841, 0.5990838980109062]], "target": [0.055289864763865104, -0.9984703455057606], "inputs": [2, 2], "outputs": [2, 2], "time_start": null, "time_complete": null, "actions": null, "score": null}, {"designers": [3], "num_inputs": [2], "num_outputs": [2], "coupling": [[-0.5545221006355883, -0.8321689972035092], [-0.8321689972035093, 0.5545221006355883]], "target": [-0.5494162589075084, 0.835548786396149], "inputs": [3, 3], "outputs": [3, 3], "time_start": null, "time_complete": null, "actions": null, "score": null}]}, {"name": "Training Task 3/5 (Pair)", "assignments": [[0, 1], [2, 3]], "tasks": [{"designers": [0, 1], "num_inputs": [1, 1], "num_outputs": [1, 1], "coupling": [[-0.6750156359377653, -0.7378034231687556], [-0.7378034231687556, 0.6750156359377654]], "target": [-0.999792835268271, 0.020354030220876184], "inputs": [0, 1], "outputs": [0, 1], "time_start": null, "time_complete": null, "actions": null, "score": null}, {"designers": [2, 3], "num_inputs": [1, 1], "num_outputs": [1, 1], "coupling": [[-0.6523589994117261, -0.7579101106902667], [-0.7579101106902667, 0.6523589994117259]], "target": [0.944807110231026, -0.3276271119075736], "inputs": [2, 3], "outputs": [2, 3], "time_start": null, "time_complete": null, "actions": null, "score": null}]}, {"name": "Training Task 4/5 (Pair)", "assignments": [[0, 1], [2, 3]], "tasks": [{"designers": [0, 1], "num_inputs": [2, 1], "num_outputs": [2, 1], "coupling": [[-0.45877974585290493, 0.3686216618575379, -0.8084795700600798], [-0.4884693737670755, -0.8646927040502678, -0.11706493263927267], [-0.7422390556193773, 0.34121048924618863, 0.576763891329573]], "target": [-0.4602367155066156, -0.8163894888516257, 0.3488414657007731], "inputs": [0, 0, 1], "outputs": [0, 0, 1], "time_start": null, "time_complete": null, "actions": null, "score": null}, {"designers": [2, 3], "num_inputs": [2, 1], "num_outputs": [2, 1], "coupling": [[-0.6941882954283922, 0.36688207568768766, -0.6192738917710945], [-0.29735597954843257, -0.9296750254782197, -0.2174483120855709], [-0.6555013592030269, 0.03319472158590026, 0.7544641002339467]], "target": [-0.9014289912483511, 0.27849673763606514, -0.33145941058152034], "inputs": [2, 2, 3], "outputs": [2, 2, 3], "time_start": null, "time_complete": null, "actions": null, "score": null}]}, {"name": "Training Task 5/5 (Pair)", "assignments": [[1, 0], [3, 2]], "tasks": [{"designers": [1, 0], "num_inputs": [2, 1], "num_outputs": [2, 1], "coupling": [[-0.3716427942349238, 0.9283044758998351, -0.01150797625957534], [-0.584313627719359, -0.24352418558132552, -0.7741276093115362], [-0.7214285951878402, -0.280974680463, 0.6329249647343788]], "target": [0.022350219762058643, 0.9310470924254023, 0.3642139197817571], "inputs": [1, 1, 0], "outputs": [1, 1, 0], "time_start": null, "time_complete": null, "actions": null, "score": null}, {"designers": [3, 2], "num_inputs": [2, 1], "num_outputs": [2, 1], "coupling": [[-0.6769753647355253, -0.6515636113047626, -0.3422998918561018], [-0.43742790955824906, -0.01784300190119573, 0.8990764434811173], [-0.5919131519747665, 0.7583841293873774, -0.27293283571722726]], "target": [0.630600072984139, 0.7515646713288805, 0.19363391428856327], "inputs": [3, 3, 2], "outputs": [3, 3, 2], "time_start": null, "time_complete": null, "actions": null, "score": null}]}], "rounds": [{"name": "Noiseless Stone (Individual)", "assignments": [[0], [1], [2], [3]], "tasks": [{"designers": [0], "num_inputs": [3], "num_outputs": [3], "coupling": [[-0.2585212601611556, 0.7393817795799508, 0.6216762357287541], [-0.40242236240883666, 0.5026222221195809, -0.7651321088968006], [-0.8781930313308, -0.44797933641716164, 0.16760523221325904]], "target": [0.16955154845158593, 0.3426167104209314, -0.9240487336488317], "inputs": [0, 0, 0], "outputs": [0, 0, 0], "time_start": null, "time_complete": null, "actions": null, "score": null}, {"designers": [1], "num_inputs": [3], "num_outputs": [3], "coupling": [[-0.5832346670037638, -0.2870480074488892, -0.7598952326634455], [-0.5560999471605558, -0.5407980310425955, 0.6311024785155572], [-0.5921065545769928, 0.7906585426339711, 0.15578477777654895]], "target": [-0.29879559398428013, -0.8569594079212396, -0.4199306683142585], "inputs": [1, 1, 1], "outputs": [1, 1, 1], "time_start": null, "time_complete": null, "actions": null, "score": null}, {"designers": [2], "num_inputs": [3], "num_outputs": [3], "coupling": [[-0.6821324109235342, 0.06108457897570186, -0.7286727991211202], [-0.5847999437996382, -0.6438074995816724, 0.493478397920654], [-0.43898109264475943, 0.762745421286655, 0.474884220212313]], "target": [-0.4166960735607308, 0.5358688689574461, -0.7343084757520765], "inputs": [2, 2, 2], "outputs": [2, 2, 2], "time_start": null, "time_complete": null, "actions": null, "score": null}, {"designers": [3], "num_inputs": [3], "num_outputs": [3], "coupling": [[-0.4248844670617655, -0.4701622281294778, -0.7735765436528989], [-0.8110272297057745, -0.18190136030849222, 0.5560096472127956], [-0.40212936018825657, 0.8636315038013873, -0.3040273068596608]], "target": [0.849644123846778, 0.36922250807807877, -0.37653632273815785], "inputs": [3, 3, 3], "outputs": [3, 3, 3], "time_start": null, "time_complete": null, "actions": null, "score": null}]}, {"name": "Better Behavior (Pair)", "assignments": [[0, 1], [2, 3]], "tasks": [{"designers": [0, 1], "num_inputs": [2, 1], "num_outputs": [2, 1], "coupling": [[-0.3024323521612325, 0.8943128698885717, -0.3297562177092214], [-0.47402717751473905, -0.4412588434916868, -0.7619638232998923], [-0.826941900827159, -0.07412910219371406, 0.5573795554775214]], "target": [-0.08938562684098472, 0.9951116689698176, -0.04198780768685382], "inputs": [0, 0, 1], "outputs": [0, 0, 1], "time_start": null, "time_complete": null, "actions": null, "score": null}, {"designers": [2, 3], "num_inputs": [2, 1], "num_outputs": [2, 1], "coupling": [[-0.752781888171414, 0.6531294291940671, -0.08210589236902316], [-0.36110302858438104, -0.5140116656848014, -0.7780723682840328], [-0.5503853482681651, -0.5560701001317806, 0.6227856871759037]], "target": [-0.3825306466449796, -0.7014559219447569, 0.6013567110675697], "inputs": [2, 2, 3], "outputs": [2, 2, 3], "time_start": null, "time_complete": null, "actions": null, "score": null}]}, {"name": "Thinkable Ink (Pair)", "assignments": [[0, 1], [2, 3]], "tasks": [{"designers": [0, 1], "num_inputs": [1, 1], "num_outputs": [1, 1], "coupling": [[-0.6137733725949504, -0.7894822652177946], [-0.7894822652177946, 0.6137733725949502]], "target": [0.9125766968990197, 0.4089055786815277], "inputs": [0, 1], "outputs": [0, 1], "time_start": null, "time_complete": null, "actions": null, "score": null}, {"designers": [2, 3], "num_inputs": [1, 1], "num_outputs": [1, 1], "coupling": [[-0.9630321848495361, -0.26938635998121585], [-0.2693863599812159, 0.963032184849536]], "target": [-0.9393284058994631, 0.34301916254106507], "inputs": [2, 3], "outputs": [2, 3], "time_start": null, "time_complete": null, "actions": null, "score": null}]}, {"name": "Economic Motion (Individual)", "assignments": [[0], [1], [2], [3]], "tasks": [{"designers": [0], "num_inputs": [2], "num_outputs": [2], "coupling": [[-0.8612421867836404, -0.5081947419091755], [-0.5081947419091754, 0.8612421867836405]], "target": [-0.311773229218943, 0.9501565415984844], "inputs": [0, 0], "outputs": [0, 0], "time_start": null, "time_complete": null, "actions": null, "score": null}, {"designers": [1], "num_inputs": [2], "num_outputs": [2], "coupling": [[-0.7426739851885498, -0.6696531577795765], [-0.6696531577795767, 0.7426739851885494]], "target": [-0.9621146128173408, -0.2726453223573416], "inputs": [1, 1], "outputs": [1, 1], "time_start": null, "time_complete": null, "actions": null, "score": null}, {"designers": [2], "num_inputs": [2], "num_outputs": [2], "coupling": [[-0.9927160886063128, -0.12047724856661989], [-0.1204772485666199, 0.9927160886063127]], "target": [0.5838595454118611, 0.8118546860315919], "inputs": [2, 2], "outputs": [2, 2], "time_start": null, "time_complete": null, "actions": null, "score": null}, {"designers": [3], "num_inputs": [2], "num_outputs": [2], "coupling": [[-0.5933774692455589, -0.8049243312211003], [-0.8049243312211002, 0.5933774692455591]], "target": [-0.9448961748434732, -0.3273701555825956], "inputs": [3, 3], "outputs": [3, 3], "time_start": null, "time_complete": null, "actions": null, "score": null}]}, {"name": "Unwritten Experience (Individual)", "assignments": [[0], [1], [2], [3]], "tasks": [{"designers": [0], "num_inputs": [3], "num_outputs": [3], "coupling": [[-0.49390245516153586, -0.031112280845862813, -0.8689605231343802], [-0.646746034975164, -0.6548307534365497, 0.39104507489242873], [-0.5811883782641489, 0.7551348954553019, 0.3033007725614944]], "target": [0.6281522664830315, 0.22374357612743997, 0.7452271749298566], "inputs": [0, 0, 0], "outputs": [0, 0, 0], "time_start": null, "time_complete": null, "actions": null, "score": null}, {"designers": [1], "num_inputs": [3], "num_outputs": [3], "coupling": [[-0.4967338893870821, 0.2126801283163845, 0.8414407918289369], [-0.40622586989146575, 0.7997819422319538, -0.44196084386584045], [-0.7669654397463449, -0.5613519465531492, -0.310882624692481]], "target": [0.22128321131848216, 0.8576828519459417, 0.46412699325341555], "inputs": [1, 1, 1], "outputs": [1, 1, 1], "time_start": null, "time_complete": null, "actions": null, "score": null}, {"designers": [2], "num_inputs": [3], "num_outputs": [3], "coupling": [[-0.6274025319559978, 0.7678729428709131, 0.12937235601923117], [-0.43778805215147615, -0.210430964569216, -0.8741055030966719], [-0.6439780153767827, -0.6050536775834298, 0.4681905199319478]], "target": [0.8806432295398385, -0.3946954760152588, -0.26207438539226197], "inputs": [2, 2, 2], "outputs": [2, 2, 2], "time_start": null, "time_complete": null, "actions": null, "score": null}, {"designers": [3], "num_inputs": [3], "num_outputs": [3], "coupling": [[-0.29452257406444576, 0.9527407713145927, -0.074441091080994], [-0.467025243477252, -0.2114569993034742, -0.8585880032941202], [-0.8337528862447596, -0.21810768010422388, 0.507232850432705]], "target": [-0.1659705405455616, 0.964896475866884, 0.20354009563396105], "inputs": [3, 3, 3], "outputs": [3, 3, 3], "time_start": null, "time_complete": null, "actions": null, "score": null}]}, {"name": "Towering Test (Pair)", "assignments": [[0, 1], [2, 3]], "tasks": [{"designers": [0, 1], "num_inputs": [1, 1], "num_outputs": [1, 1], "coupling": [[-0.2667753070229725, -0.963758753819024], [-0.9637587538190241, 0.26677530702297303]], "target": [-0.6482069622882569, -0.7614642040444386], "inputs": [0, 1], "outputs": [0, 1], "time_start": null, "time_complete": null, "actions": null, "score": null}, {"designers": [2, 3], "num_inputs": [1, 1], "num_outputs": [1, 1], "coupling": [[-0.700604322076135, -0.7135499869583346], [-0.7135499869583345, 0.7006043220761348]], "target": [0.15582310055904802, -0.9877849772760086], "inputs": [2, 3], "outputs": [2, 3], "time_start": null, "time_complete": null, "actions": null, "score": null}]}, {"name": "Flat Sleep (Individual)", "assignments": [[0], [1], [2], [3]], "tasks": [{"designers": [0], "num_inputs": [2], "num_outputs": [2], "coupling": [[-0.5421844471126125, -0.8402594987914094], [-0.8402594987914092, 0.5421844471126126]], "target": [-0.3268299021034893, -0.9450831789271376], "inputs": [0, 0], "outputs": [0, 0], "time_start": null, "time_complete": null, "actions": null, "score": null}, {"designers": [1], "num_inputs": [2], "num_outputs": [2], "coupling": [[-0.45402001633934996, -0.8909914841137466], [-0.8909914841137466, 0.45402001633934974]], "target": [-0.20165956565323495, 0.9794556751484716], "inputs": [1, 1], "outputs": [1, 1], "time_start": null, "time_complete": null, "actions": null, "score": null}, {"designers": [2], "num_inputs": [2], "num_outputs": [2], "coupling": [[-0.7330333144701227, -0.6801927373009405], [-0.6801927373009407, 0.7330333144701225]], "target": [0.46510065930799893, 0.8852578024006705], "inputs": [2, 2], "outputs": [2, 2], "time_start": null, "time_complete": null, "actions": null, "score": null}, {"designers": [3], "num_inputs": [2], "num_outputs": [2], "coupling": [[-0.9983831333993395, -0.05684293222307529], [-0.056842932223075286, 0.9983831333993394]], "target": [-0.9473885671801001, 0.3200857740925662], "inputs": [3, 3], "outputs": [3, 3], "time_start": null, "time_complete": null, "actions": null, "score": null}]}, {"name": "Staking System (Pair)", "assignments": [[0, 1], [2, 3]], "tasks": [{"designers": [0, 1], "num_inputs": [1, 1], "num_outputs": [1, 1], "coupling": [[-0.636688955244112, -0.7711207261318821], [-0.7711207261318821, 0.636688955244112]], "target": [-0.3102340347356689, -0.9506602146359278], "inputs": [0, 1], "outputs": [0, 1], "time_start": null, "time_complete": null, "actions": null, "score": null}, {"designers": [2, 3], "num_inputs": [1, 1], "num_outputs": [1, 1], "coupling": [[-0.9209038545838175, -0.3897898031153035], [-0.38978980311530353, 0.9209038545838174]], "target": [0.8645706863253781, -0.5025112221103771], "inputs": [2, 3], "outputs": [2, 3], "time_start": null, "time_complete": null, "actions": null, "score": null}]}, {"name": "Hallowed Sign (Pair)", "assignments": [[1, 0], [3, 2]], "tasks": [{"designers": [1, 0], "num_inputs": [2, 1], "num_outputs": [2, 1], "coupling": [[0.4976228471616969, -0.7400997876201358, -0.45235362974924415], [0.5489427033974752, 0.6724958155580844, -0.49639831430368414], [0.6715902101500275, -0.0012970819161445104, 0.7409216606424358]], "target": [-0.8120173737813436, -0.35999322904742004, 0.45938291186902214], "inputs": [1, 1, 0], "outputs": [1, 1, 0], "time_start": null, "time_complete": null, "actions": null, "score": null}, {"designers": [3, 2], "num_inputs": [2, 1], "num_outputs": [2, 1], "coupling": [[-0.15515948623511502, 0.8776644191028977, 0.4534652150628847], [-0.955537818026387, -0.01682412637785543, -0.2943882251262656], [-0.25074491450999764, -0.47898028791631386, 0.8412519667941221]], "target": [-0.22231134105883243, 0.6209783530219843, 0.7516405741541143], "inputs": [3, 3, 2], "outputs": [3, 3, 2], "time_start": null, "time_complete": null, "actions": null, "score": null}]}, {"name": "Arrogant Flame (Individual)", "assignments": [[0], [1], [2], [3]], "tasks": [{"designers": [0], "num_inputs": [4], "num_outputs": [4], "coupling": [[-0.57981052485478, 0.16672639432653052, 0.0019636737728697187, -0.7975074975746704], [-0.5384250637344637, -0.47395561193704794, 0.6317238661055651, 0.29392088331480515], [-0.34369036175472417, -0.5365219124272175, -0.7586624778825425, 0.13583967526267668], [-0.5057619412797587, 0.6780211094307422, -0.1592241992634061, 0.5090578437546787]], "target": [0.49319218654605534, 0.41092000282966085, 0.7210331068422541, -0.26080160513654693], "inputs": [0, 0, 0, 0], "outputs": [0, 0, 0, 0], "time_start": null, "time_complete": null, "actions": null, "score": null}, {"designers": [1], "num_inputs": [4], "num_outputs": [4], "coupling": [[-0.4498354142542436, 0.7736604265538258, -0.17157177969368984, 0.4118989789742198], [-0.3988947891373186, 0.2700482748876927, 0.24047963972147224, -0.842689990037087], [-0.6797651035578907, -0.5151219141569036, -0.5220240635715163, 0.007726227574876574], [-0.4200600567380068, -0.2513421714914954, 0.8001397030171992, 0.34663109672784737]], "target": [0.4117565284963849, -0.6387932963474398, -0.03368257418506358, -0.6490494356968853], "inputs": [1, 1, 1, 1], "outputs": [1, 1, 1, 1], "time_start": null, "time_complete": null, "actions": null, "score": null}, {"designers": [2], "num_inputs": [4], "num_outputs": [4], "coupling": [[-0.680054628638126, 0.38432131786847734, 0.599099780673609, 0.17579044199424262], [-0.42736935917495317, -0.8400240075582284, -0.04348499404736132, 0.33139727346027537], [-0.41469349515905685, -0.13438261388337422, -0.12292143495066205, -0.8915497400528517], [-0.4276802987969119, 0.3586057785975045, -0.7899866004681377, 0.25379643153176284]], "target": [0.3296279062731462, 0.5339915212519257, 0.6906353498141352, -0.35947365998657527], "inputs": [2, 2, 2, 2], "outputs": [2, 2, 2, 2], "time_start": null, "time_complete": null, "actions": null, "score": null}, {"designers": [3], "num_inputs": [4], "num_outputs": [4], "coupling": [[-0.4820236091244246, 0.6240763624280462, -0.6070837493962448, 0.09813895925797667], [-0.6234222727507226, 0.104286579253648, 0.5075442345981441, -0.5855491688595243], [-0.5182831579089505, -0.7682345442397365, -0.3618383785404091, 0.10134713158218694], [-0.3322355765310406, 0.09730718515564067, 0.4928703267193394, 0.7982666687540854]], "target": [0.8597013410338596, -0.09825796560492431, -0.39872514116687907, 0.3037716876557412], "inputs": [3, 3, 3, 3], "outputs": [3, 3, 3, 3], "time_start": null, "time_complete": null, "actions": null, "score": null}]}, {"name": "Impolite Heat (Individual)", "assignments": [[0], [1], [2], [3]], "tasks": [{"designers": [0], "num_inputs": [4], "num_outputs": [4], "coupling": [[-0.5518030503797678, -0.31032975289801934, 0.10942276141772295, -0.7663129239035172], [-0.2014236521823086, -0.8439876141079505, -0.18876259272416357, 0.45987183340791915], [-0.6115591768945077, 0.3949771096898205, -0.6597848212954007, 0.18620538543603823], [-0.5300351677853422, 0.18807826700525096, 0.7190822849020604, 0.4081788259220434]], "target": [-0.5933122656145988, 0.4618172772382212, -0.2748098677974188, -0.5993203604723545], "inputs": [0, 0, 0, 0], "outputs": [0, 0, 0, 0], "time_start": null, "time_complete": null, "actions": null, "score": null}, {"designers": [1], "num_inputs": [4], "num_outputs": [4], "coupling": [[-0.39280554956689656, -0.8248605912581051, 0.33189329015104707, 0.2348523986922215], [-0.4309506720653565, -0.17285895890962572, -0.8818951405926148, -0.0816226657873257], [-0.5483332223521267, 0.16757989279586866, 0.3054652206776578, -0.7602227671885445], [-0.5994297254397707, 0.5115093008387375, 0.13710873024061587, 0.6002028286391797]], "target": [-0.014317603115784117, 0.6550244483309006, 0.6552343850089098, 0.37603973065596946], "inputs": [1, 1, 1, 1], "outputs": [1, 1, 1, 1], "time_start": null, "time_complete": null, "actions": null, "score": null}, {"designers": [2], "num_inputs": [4], "num_outputs": [4], "coupling": [[-0.5638621402232897, -0.1486871083211626, 0.651645311335413, -0.48508764038725505], [-0.49583576998706136, -0.6506363500858301, -0.1680151934374987, 0.5500819247371139], [-0.31045536958362296, -0.08084725986043717, -0.7333113292954443, -0.5994461430326368], [-0.5829441135484991, 0.7402892707172922, -0.09686989891437973, 0.32056852438181244]], "target": [-0.5921548888951256, -0.7368815770217859, 0.25047523123476134, -0.20885470437933656], "inputs": [2, 2, 2, 2], "outputs": [2, 2, 2, 2], "time_start": null, "time_complete": null, "actions": null, "score": null}, {"designers": [3], "num_inputs": [4], "num_outputs": [4], "coupling": [[-0.36519926648663276, -0.3618123079919339, 0.03748191937234665, 0.8569226658592592], [-0.4772595782816248, -0.7131883000070034, -0.11955795892034615, -0.4992911356416878], [-0.56034181762771, 0.33973190158522343, 0.7444693496336976, -0.12792446958632053], [-0.5699735415909623, 0.49501165396782076, -0.6557944705736285, -0.005218877978271397]], "target": [0.3942035651787441, -0.016424125699315253, 0.1453554240928657, 0.9073067827268592], "inputs": [3, 3, 3, 3], "outputs": [3, 3, 3, 3], "time_start": null, "time_complete": null, "actions": null, "score": null}]}, {"name": "Chief Government (Pair)", "assignments": [[0, 1], [2, 3]], "tasks": [{"designers": [0, 1], "num_inputs": [2, 2], "num_outputs": [2, 2], "coupling": [[-0.5624433426411084, -0.33905380703012183, 0.7541116651065966, 0.0039495325335370795], [-0.12753697286380294, 0.11611475333805689, -0.03776057321918662, -0.9842895019861473], [-0.6469186143547299, 0.7252377602424871, -0.1573417479896656, 0.17541400132080054], [-0.49888687422379646, -0.5878690935183479, -0.6365008326780655, 0.01971054573710617]], "target": [-0.4569090071872324, 0.3933602444477568, -0.5929872788390254, 0.5337302355818585], "inputs": [0, 0, 1, 1], "outputs": [0, 0, 1, 1], "time_start": null, "time_complete": null, "actions": null, "score": null}, {"designers": [2, 3], "num_inputs": [2, 2], "num_outputs": [2, 2], "coupling": [[-0.39157742138739926, -0.6808090019238123, 0.2858772237069386, -0.5490359177000266], [-0.5783509689246517, 0.1581194909312777, -0.7777854049721514, -0.18856894533261925], [-0.38961123643640905, 0.6969326509021864, 0.5092563135462264, -0.3211634656405543], [-0.6003168865241117, -0.1605683953758897, 0.23234044824616062, 0.7482348176001843]], "target": [0.21191785519361828, -0.22631473634119162, -0.947365221025686, 0.07982230738274984], "inputs": [2, 2, 3, 3], "outputs": [2, 2, 3, 3], "time_start": null, "time_complete": null, "actions": null, "score": null}]}, {"name": "Husky Verse (Pair)", "assignments": [[0, 1], [2, 3]], "tasks": [{"designers": [0, 1], "num_inputs": [2, 2], "num_outputs": [2, 2], "coupling": [[-0.5519092703125564, 0.45883846842607107, -0.6322355857057255, -0.29179030381905624], [-0.24929042264990145, -0.6877285397601368, 0.03281748849502097, -0.6810335918464684], [-0.5600732270487109, -0.4652634786215456, -0.15671760571320434, 0.6672986346934497], [-0.5653038323426954, 0.3162698388287842, 0.7580506372767839, -0.07592231233398035]], "target": [-0.08070823663999027, -0.2849678880556294, -0.9383929289703475, 0.1780398668108633], "inputs": [0, 0, 1, 1], "outputs": [0, 0, 1, 1], "time_start": null, "time_complete": null, "actions": null, "score": null}, {"designers": [2, 3], "num_inputs": [2, 2], "num_outputs": [2, 2], "coupling": [[-0.476056055663699, 0.7464839580111674, -0.21667156876355456, 0.41132197070840115], [-0.48746582308282294, -0.10374225230771082, -0.5533510675142286, -0.6673958439286035], [-0.36942005892098606, -0.6491717887620323, -0.28014851536617197, 0.6030104626625047], [-0.631883314591327, -0.10283595768799958, 0.7539050581529039, -0.14756492076010685]], "target": [-0.6003826421905238, -0.7662164806332836, 0.1920101392265069, 0.12484027473731173], "inputs": [2, 2, 3, 3], "outputs": [2, 2, 3, 3], "time_start": null, "time_complete": null, "actions": null, "score": null}]}]}