{"name": "experiment009", "num_designers": 4, "error_tol": 0.05, "training": [{"name": "Training Task 1/5 (Individual)", "assignments": [[0], [1], [2], [3]], "tasks": [{"designers": [0], "num_inputs": [1], "num_outputs": [1], "coupling": [[1.0]], "target": [1.0], "inputs": [0], "outputs": [0], "time_start": null, "time_complete": null, "actions": null}, {"designers": [1], "num_inputs": [1], "num_outputs": [1], "coupling": [[1.0]], "target": [1.0], "inputs": [1], "outputs": [1], "time_start": null, "time_complete": null, "actions": null}, {"designers": [2], "num_inputs": [1], "num_outputs": [1], "coupling": [[1.0]], "target": [-1.0], "inputs": [2], "outputs": [2], "time_start": null, "time_complete": null, "actions": null}, {"designers": [3], "num_inputs": [1], "num_outputs": [1], "coupling": [[1.0]], "target": [-1.0], "inputs": [3], "outputs": [3], "time_start": null, "time_complete": null, "actions": null}]}, {"name": "Training Task 2/5 (Individual)", "assignments": [[0], [1], [2], [3]], "tasks": [{"designers": [0], "num_inputs": [2], "num_outputs": [2], "coupling": [[-0.673805346421886, -0.7389088950156726], [-0.7389088950156726, 0.673805346421886]], "target": [-0.40665784127542914, 0.9135805383923238], "inputs": [0, 0], "outputs": [0, 0], "time_start": null, "time_complete": null, "actions": null}, {"designers": [1], "num_inputs": [2], "num_outputs": [2], "coupling": [[0.2613806398540457, 0.9652358059611592], [0.9652358059611595, -0.26138063985404586]], "target": [-0.9022406807522214, -0.4312328303779392], "inputs": [1, 1], "outputs": [1, 1], "time_start": null, "time_complete": null, "actions": null}, {"designers": [2], "num_inputs": [2], "num_outputs": [2], "coupling": [[-0.23296295255127344, -0.9724856105560604], [-0.9724856105560602, 0.23296295255127353]], "target": [-0.3037389166710165, 0.9527553046294297], "inputs": [2, 2], "outputs": [2, 2], "time_start": null, "time_complete": null, "actions": null}, {"designers": [3], "num_inputs": [2], "num_outputs": [2], "coupling": [[-0.3646889868213048, -0.9311293910575752], [-0.9311293910575751, 0.36468898682130424]], "target": [0.9087732081982409, 0.4172903737939286], "inputs": [3, 3], "outputs": [3, 3], "time_start": null, "time_complete": null, "actions": null}]}, {"name": "Training Task 3/5 (Pair)", "assignments": [[0, 1], [2, 3]], "tasks": [{"designers": [0, 1], "num_inputs": [1, 1], "num_outputs": [1, 1], "coupling": [[-0.25195098294252427, -0.9677399972070475], [-0.9677399972070474, 0.25195098294252427]], "target": [-0.15175852445122895, 0.9884175991231572], "inputs": [0, 1], "outputs": [0, 1], "time_start": null, "time_complete": null, "actions": null}, {"designers": [2, 3], "num_inputs": [1, 1], "num_outputs": [1, 1], "coupling": [[-0.9699470811206133, -0.24331596705847816], [-0.24331596705847816, 0.9699470811206133]], "target": [-0.9260769805995803, 0.37733463398363565], "inputs": [2, 3], "outputs": [2, 3], "time_start": null, "time_complete": null, "actions": null}]}, {"name": "Training Task 4/5 (Pair)", "assignments": [[0, 1], [2, 3]], "tasks": [{"designers": [0, 1], "num_inputs": [2, 1], "num_outputs": [2, 1], "coupling": [[-0.35011718323609126, -0.05800302176837427, -0.9349083417472341], [-0.6732628868392586, -0.6783456100612506, 0.2942181478350662], [-0.6512565110674082, 0.7324499182718003, 0.19844917237403692]], "target": [0.9822080291360635, 0.06415627912235561, -0.17649747689364897], "inputs": [0, 0, 1], "outputs": [0, 0, 1], "time_start": null, "time_complete": null, "actions": null}, {"designers": [2, 3], "num_inputs": [2, 1], "num_outputs": [2, 1], "coupling": [[-0.23522588081020884, -0.6660131420798484, -0.7078808371286717], [-0.5520181911123798, -0.5079019166064934, 0.661295365013597], [-0.7999654378022075, 0.5463168839459185, -0.24817969424903447]], "target": [-0.9923722850104775, -0.11918397829909205, -0.031502813523330835], "inputs": [2, 2, 3], "outputs": [2, 2, 3], "time_start": null, "time_complete": null, "actions": null}]}, {"name": "Training Task 5/5 (Pair)", "assignments": [[1, 0], [3, 2]], "tasks": [{"designers": [1, 0], "num_inputs": [2, 1], "num_outputs": [2, 1], "coupling": [[-0.5855062356561556, 0.15328451483719654, -0.7960441605331228], [-0.5870467134301908, -0.7573708314007259, 0.2859468132261398], [-0.559069409160053, 0.6347387503961754, 0.5334305151441291]], "target": [-0.465059709168109, 0.27645187232243573, 0.841007627312555], "inputs": [1, 1, 0], "outputs": [1, 1, 0], "time_start": null, "time_complete": null, "actions": null}, {"designers": [3, 2], "num_inputs": [2, 1], "num_outputs": [2, 1], "coupling": [[-0.5095458820343958, 0.3539058179414619, -0.7842918245965431], [-0.5969722467132564, -0.8018397482074177, 0.026022199153660944], [-0.6196669514795162, 0.4814599570284645, 0.6198460930119932]], "target": [-0.1913004955653217, -0.9609815756975264, 0.1997962251053846], "inputs": [3, 3, 2], "outputs": [3, 3, 2], "time_start": null, "time_complete": null, "actions": null}]}], "rounds": [{"name": "Towering Test (Pair)", "assignments": [[0, 1], [2, 3]], "tasks": [{"designers": [0, 1], "num_inputs": [1, 1], "num_outputs": [1, 1], "coupling": [[-0.8390748857822339, -0.5440159336357084], [-0.5440159336357085, 0.8390748857822337]], "target": [0.7118466769031797, 0.7023348977388922], "inputs": [0, 1], "outputs": [0, 1], "time_start": null, "time_complete": null, "actions": null}, {"designers": [2, 3], "num_inputs": [1, 1], "num_outputs": [1, 1], "coupling": [[-0.938986543047014, -0.3439538805953759], [-0.34395388059537596, 0.938986543047014]], "target": [-0.002890365086456681, 0.9999958228861093], "inputs": [2, 3], "outputs": [2, 3], "time_start": null, "time_complete": null, "actions": null}]}, {"name": "Flat Sleep (Individual)", "assignments": [[0], [1], [2], [3]], "tasks": [{"designers": [0], "num_inputs": [2], "num_outputs": [2], "coupling": [[-0.8690398481023341, -0.4947420968648942], [-0.4947420968648942, 0.869039848102334]], "target": [0.01063446201923246, -0.9999434525099714], "inputs": [0, 0], "outputs": [0, 0], "time_start": null, "time_complete": null, "actions": null}, {"designers": [1], "num_inputs": [2], "num_outputs": [2], "coupling": [[-0.34426399111667894, -0.9388728904491893], [-0.9388728904491893, 0.344263991116679]], "target": [-0.1871082586620627, 0.9823392996009325], "inputs": [1, 1], "outputs": [1, 1], "time_start": null, "time_complete": null, "actions": null}, {"designers": [2], "num_inputs": [2], "num_outputs": [2], "coupling": [[-0.9359005553181134, -0.3522643191628217], [-0.3522643191628217, 0.9359005553181137]], "target": [-0.9850666861911497, 0.17217323763113382], "inputs": [2, 2], "outputs": [2, 2], "time_start": null, "time_complete": null, "actions": null}, {"designers": [3], "num_inputs": [2], "num_outputs": [2], "coupling": [[-0.6312066855986211, -0.7756146724086667], [-0.7756146724086667, 0.6312066855986213]], "target": [0.9951487400989873, -0.0983818330760222], "inputs": [3, 3], "outputs": [3, 3], "time_start": null, "time_complete": null, "actions": null}]}, {"name": "Hallowed Sign (Pair)", "assignments": [[1, 0], [3, 2]], "tasks": [{"designers": [1, 0], "num_inputs": [2, 1], "num_outputs": [2, 1], "coupling": [[-0.3498352288051541, -0.03241365645313362, -0.9362503231306165], [-0.6848809364245276, -0.6730375183510647, 0.27921067639705827], [-0.6391818329779939, 0.7388977288956701, 0.21325273884223253]], "target": [0.49737622265667647, -0.30046231841416193, 0.8138422994345789], "inputs": [1, 1, 0], "outputs": [1, 1, 0], "time_start": null, "time_complete": null, "actions": null}, {"designers": [3, 2], "num_inputs": [2, 1], "num_outputs": [2, 1], "coupling": [[-0.6122308299854501, 0.785512740128838, -0.09023938115153154], [-0.3285167388397318, -0.3565233589109092, -0.8746244033029207], [-0.7192010588962131, -0.5058268771488597, 0.47632867563941406]], "target": [0.25147409857029435, 0.418386306824552, -0.872762095882933], "inputs": [3, 3, 2], "outputs": [3, 3, 2], "time_start": null, "time_complete": null, "actions": null}]}, {"name": "Thinkable Ink (Pair)", "assignments": [[0, 1], [2, 3]], "tasks": [{"designers": [0, 1], "num_inputs": [1, 1], "num_outputs": [1, 1], "coupling": [[-0.17495338863357832, -0.9845767170747173], [-0.9845767170747173, 0.1749533886335787]], "target": [-0.4622741075567316, -0.8867370802456764], "inputs": [0, 1], "outputs": [0, 1], "time_start": null, "time_complete": null, "actions": null}, {"designers": [2, 3], "num_inputs": [1, 1], "num_outputs": [1, 1], "coupling": [[-0.9282278566358876, -0.37201215862542225], [-0.3720121586254222, 0.9282278566358877]], "target": [0.5693628603635659, -0.8220863295534226], "inputs": [2, 3], "outputs": [2, 3], "time_start": null, "time_complete": null, "actions": null}]}, {"name": "Unwritten Experience (Individual)", "assignments": [[0], [1], [2], [3]], "tasks": [{"designers": [0], "num_inputs": [3], "num_outputs": [3], "coupling": [[-0.40767033450080875, -0.38852347003762283, -0.8263500539105226], [-0.5739963835081898, -0.594778404159332, 0.5628203991196459], [-0.7101641008158035, 0.7037671228294219, 0.0194624442678438]], "target": [-0.3977660955325013, 0.012540897700272577, 0.9174011440638713], "inputs": [0, 0, 0], "outputs": [0, 0, 0], "time_start": null, "time_complete": null, "actions": null}, {"designers": [1], "num_inputs": [3], "num_outputs": [3], "coupling": [[-0.9383783427360387, 0.20134354729517034, -0.2809036522485296], [-0.2496290430862049, -0.9569683089028038, 0.1479763379854128], [-0.2390218122511646, 0.2089795007131201, 0.9482595328019984]], "target": [-0.5001683896980318, -0.012481052995238922, -0.8658382096344606], "inputs": [1, 1, 1], "outputs": [1, 1, 1], "time_start": null, "time_complete": null, "actions": null}, {"designers": [2], "num_inputs": [3], "num_outputs": [3], "coupling": [[-0.7328036081644345, 0.5741492148571684, -0.3651733163034815], [-0.14028760583670327, -0.6526250362715437, -0.744580384968723], [-0.6658214922257999, -0.49440190241387927, 0.5587920001035677]], "target": [0.04774744015309618, 0.8077850415869636, 0.5875402186635171], "inputs": [2, 2, 2], "outputs": [2, 2, 2], "time_start": null, "time_complete": null, "actions": null}, {"designers": [3], "num_inputs": [3], "num_outputs": [3], "coupling": [[-0.5026843690046681, 0.7947570974309839, 0.3401023099619541], [-0.6690244805019053, -0.10850966736024462, -0.7352767482917741], [-0.5474620257584398, -0.597148899498649, 0.5862580679018569]], "target": [0.014415694938172186, 0.8540879949640074, 0.5199287303061945], "inputs": [3, 3, 3], "outputs": [3, 3, 3], "time_start": null, "time_complete": null, "actions": null}]}, {"name": "Noiseless Stone (Individual)", "assignments": [[0], [1], [2], [3]], "tasks": [{"designers": [0], "num_inputs": [3], "num_outputs": [3], "coupling": [[-0.3968039798146767, -0.17441232137388946, 0.9011808607356268], [-0.6438530273103039, 0.7526317201719481, -0.13783603670438246], [-0.6542169982709036, -0.6349219132649192, -0.41094316301579126]], "target": [-0.6148761458553085, 0.27089730454593475, -0.7406361965552778], "inputs": [0, 0, 0], "outputs": [0, 0, 0], "time_start": null, "time_complete": null, "actions": null}, {"designers": [1], "num_inputs": [3], "num_outputs": [3], "coupling": [[-0.6739771755042275, 0.36758566544969473, 0.6408085091938535], [-0.39718433053156055, 0.5510842510945834, -0.7338601745398899], [-0.6228959579894058, -0.7491241063745226, -0.22541894057295478]], "target": [0.9106889683297423, 0.2961076753798061, 0.2880379272659712], "inputs": [1, 1, 1], "outputs": [1, 1, 1], "time_start": null, "time_complete": null, "actions": null}, {"designers": [2], "num_inputs": [3], "num_outputs": [3], "coupling": [[-0.43768760015941816, 0.8433831784943872, -0.31166388770499776], [-0.8403647588583326, -0.5069754955372426, -0.1917365875198145], [-0.3197133665264333, 0.17799062098175703, 0.9306463894019376]], "target": [0.6304756438345978, -0.6954308548481342, -0.3447845539703638], "inputs": [2, 2, 2], "outputs": [2, 2, 2], "time_start": null, "time_complete": null, "actions": null}, {"designers": [3], "num_inputs": [3], "num_outputs": [3], "coupling": [[-0.5724177769196351, -0.8022408330225231, -0.169550979052647], [-0.3645195221155369, 0.06374984214859691, 0.9290110201836627], [-0.7344817265684995, 0.5935870647658668, -0.32892398799661776]], "target": [0.059973367386523035, -0.8737867951690931, -0.482596966207255], "inputs": [3, 3, 3], "outputs": [3, 3, 3], "time_start": null, "time_complete": null, "actions": null}]}, {"name": "Staking System (Pair)", "assignments": [[0, 1], [2, 3]], "tasks": [{"designers": [0, 1], "num_inputs": [1, 1], "num_outputs": [1, 1], "coupling": [[-0.979675365872303, -0.20058957476142422], [-0.20058957476142425, 0.9796753658723032]], "target": [0.5858380463789996, -0.810428148212312], "inputs": [0, 1], "outputs": [0, 1], "time_start": null, "time_complete": null, "actions": null}, {"designers": [2, 3], "num_inputs": [1, 1], "num_outputs": [1, 1], "coupling": [[-0.6158642006065045, -0.7878523252560163], [-0.7878523252560165, 0.6158642006065043]], "target": [0.37312854282393815, -0.9277796562385298], "inputs": [2, 3], "outputs": [2, 3], "time_start": null, "time_complete": null, "actions": null}]}, {"name": "Economic Motion (Individual)", "assignments": [[0], [1], [2], [3]], "tasks": [{"designers": [0], "num_inputs": [2], "num_outputs": [2], "coupling": [[-0.9414612921954109, -0.3371210988617409], [-0.33712109886174096, 0.9414612921954106]], "target": [-0.6849027878280167, -0.7286344565180888], "inputs": [0, 0], "outputs": [0, 0], "time_start": null, "time_complete": null, "actions": null}, {"designers": [1], "num_inputs": [2], "num_outputs": [2], "coupling": [[-0.3974721200498657, -0.917614251078886], [-0.9176142510788863, 0.397472120049866]], "target": [-0.6042878892457331, -0.7967660553204666], "inputs": [1, 1], "outputs": [1, 1], "time_start": null, "time_complete": null, "actions": null}, {"designers": [2], "num_inputs": [2], "num_outputs": [2], "coupling": [[-0.9837426173809343, -0.17958413835444517], [-0.17958413835444517, 0.9837426173809344]], "target": [-0.7577675417257297, -0.6525245993117381], "inputs": [2, 2], "outputs": [2, 2], "time_start": null, "time_complete": null, "actions": null}, {"designers": [3], "num_inputs": [2], "num_outputs": [2], "coupling": [[-0.5954984665743867, -0.8033564441190189], [-0.8033564441190187, 0.5954984665743868]], "target": [0.9509520762037569, 0.30933824329326665], "inputs": [3, 3], "outputs": [3, 3], "time_start": null, "time_complete": null, "actions": null}]}, {"name": "Husky Verse (Pair)", "assignments": [[0, 1], [2, 3]], "tasks": [{"designers": [0, 1], "num_inputs": [2, 2], "num_outputs": [2, 2], "coupling": [[-0.65518624869909, 0.2494129824121329, -0.658316855105563, -0.2741223486033569], [-0.24500030493374456, -0.4464885435175661, 0.3933951773595762, -0.7654169226768917], [-0.2674888941484798, -0.8220649809904, -0.23110410020971753, 0.4463740061906981], [-0.662688102809466, 0.25030044295026926, 0.5987069797324948, 0.37382364702260856]], "target": [0.6208315078342117, 0.40016962010995916, 0.39842271950178254, -0.5437755516811639], "inputs": [0, 0, 1, 1], "outputs": [0, 0, 1, 1], "time_start": null, "time_complete": null, "actions": null}, {"designers": [2, 3], "num_inputs": [2, 2], "num_outputs": [2, 2], "coupling": [[-0.4306514851288978, 0.7973052946450768, 0.25396396322178083, 0.3381506629771537], [-0.5767200115989614, 0.11117206388529219, -0.36546622932202866, -0.722128268147645], [-0.583223681337346, -0.4463852115603372, -0.3565050348378282, 0.5774898618701682], [-0.3765414507127766, -0.3907496413851781, 0.8214870058285181, -0.17518662308341076]], "target": [0.06678111696594646, 0.32041748853144536, -0.7939270834172351, -0.5123989672868049], "inputs": [2, 2, 3, 3], "outputs": [2, 2, 3, 3], "time_start": null, "time_complete": null, "actions": null}]}, {"name": "Impolite Heat (Individual)", "assignments": [[0], [1], [2], [3]], "tasks": [{"designers": [0], "num_inputs": [4], "num_outputs": [4], "coupling": [[-0.17727010399861842, 0.188502047985598, 0.10909662074813553, -0.9597604990177975], [-0.4075647638517249, -0.8919355159464468, 0.1789173239303662, -0.07956500397429891], [-0.5201933948867887, 0.06581840765070042, -0.8514207430648658, 0.012226504380049833], [-0.7292908236163164, 0.40569194040910844, 0.48080062065039547, 0.2690347696085444]], "target": [-0.7010071569343481, 0.20481163959970702, 0.6749665053018873, 0.10517307132464779], "inputs": [0, 0, 0, 0], "outputs": [0, 0, 0, 0], "time_start": null, "time_complete": null, "actions": null}, {"designers": [1], "num_inputs": [4], "num_outputs": [4], "coupling": [[-0.3715022187926251, 0.2609982538179071, -0.28594590673992826, -0.8438607416836267], [-0.4879095585812699, -0.6751182474424627, -0.5221998186542305, 0.18293978247701345], [-0.5758211192336523, 0.6417292563546331, -0.11915510589625516, 0.49235724928336944], [-0.5407036181880894, -0.25353269022504993, 0.7945718020135257, -0.10961944950845487]], "target": [-0.2939604798786839, -0.27168779870200327, -0.7472483887018954, 0.5304647225672737], "inputs": [1, 1, 1, 1], "outputs": [1, 1, 1, 1], "time_start": null, "time_complete": null, "actions": null}, {"designers": [2], "num_inputs": [4], "num_outputs": [4], "coupling": [[-0.3074752071364831, 0.276370564108714, 0.6309866280313604, -0.656455774242425], [-0.5145023463605535, -0.5756040505879065, -0.4575543536121365, -0.4411477371888698], [-0.5418172687712434, 0.7107522470181656, -0.42458067239684016, 0.1449018400398908], [-0.5892201454864999, -0.29517881292473314, 0.4606855124303795, 0.5945232940684262]], "target": [0.29521989679742666, -0.7446406270694612, -0.2643695807455864, -0.5370887020119851], "inputs": [2, 2, 2, 2], "outputs": [2, 2, 2, 2], "time_start": null, "time_complete": null, "actions": null}, {"designers": [3], "num_inputs": [4], "num_outputs": [4], "coupling": [[-0.4700355333184592, -0.4974205265722512, -0.37961253916720245, -0.6225220777367213], [-0.6241248198595001, -0.18848108643158246, 0.7386133587804024, 0.17144502187012958], [-0.44872105376745064, -0.034737697414691765, -0.5511264973522908, 0.7026395179609163], [-0.4338020545815872, 0.8460738692221142, -0.08126629223950316, -0.29894911775410377]], "target": [-0.9608382564117472, -0.001346732168705986, -0.1787237095898113, -0.21176842767172788], "inputs": [3, 3, 3, 3], "outputs": [3, 3, 3, 3], "time_start": null, "time_complete": null, "actions": null}]}, {"name": "Better Behavior (Pair)", "assignments": [[0, 1], [2, 3]], "tasks": [{"designers": [0, 1], "num_inputs": [2, 1], "num_outputs": [2, 1], "coupling": [[-0.7531504886733187, 0.05354690285877914, -0.655665364805381], [-0.36069764949627153, -0.8671203339292001, 0.3435105997409352], [-0.5501468413605639, 0.4952121320007667, 0.6723863452363156]], "target": [-0.1646677217858472, -0.07926730587162965, -0.9831588048843952], "inputs": [0, 0, 1], "outputs": [0, 0, 1], "time_start": null, "time_complete": null, "actions": null}, {"designers": [2, 3], "num_inputs": [2, 1], "num_outputs": [2, 1], "coupling": [[-0.5599169234185772, 0.8273719038547125, 0.044144893037633005], [-0.5496220289303287, -0.331026664963893, -0.7670312721117643], [-0.6200069872057773, -0.4537367957249128, 0.6400892562926708]], "target": [0.8656558367403773, -0.48468327998187016, 0.12538776026125256], "inputs": [2, 2, 3], "outputs": [2, 2, 3], "time_start": null, "time_complete": null, "actions": null}]}, {"name": "Chemical Rhythm (Pair)", "assignments": [[0, 1], [2, 3]], "tasks": [{"designers": [0, 1], "num_inputs": [2, 2], "num_outputs": [2, 2], "coupling": [[-0.5002047787127745, 0.5721576328378624, -0.5605165486625441, -0.3290167491385631], [-0.24393044214178566, -0.47622870988997457, 0.21164426700941924, -0.8178697081534988], [-0.6574991356310645, -0.5505069188151112, -0.24173572666659607, 0.4540934457070136], [-0.5079251966518502, 0.37786769033432455, 0.7632769755275264, 0.12898163372020954]], "target": [-0.5513788591991453, 0.18518762744285872, 0.7435345092399547, 0.32991412494713535], "inputs": [0, 0, 1, 1], "outputs": [0, 0, 1, 1], "time_start": null, "time_complete": null, "actions": null}, {"designers": [2, 3], "num_inputs": [2, 2], "num_outputs": [2, 2], "coupling": [[-0.502165528103632, 0.13383635071087455, -0.07166012237293277, 0.8513415533581646], [-0.6350045863073013, -0.7003671991903316, -0.16907902497556732, -0.27868843711265806], [-0.2560651097342429, 0.029270808935007313, 0.9633355706487312, -0.07455506450915238], [-0.5282325409607819, 0.7005118394937927, -0.19560595210190104, -0.4381687539081806]], "target": [-0.3310591708524704, 0.48965365327312493, 0.7963613149167326, 0.12824890383488605], "inputs": [2, 2, 3, 3], "outputs": [2, 2, 3, 3], "time_start": null, "time_complete": null, "actions": null}]}, {"name": "Arrogant Flame (Individual)", "assignments": [[0], [1], [2], [3]], "tasks": [{"designers": [0], "num_inputs": [4], "num_outputs": [4], "coupling": [[-0.433228475169279, 0.6317659302805867, -0.620282802129253, -0.16862426581571052], [-0.4214359181367865, -0.7645296869057615, -0.4144233642958342, -0.2571758150948555], [-0.7691585449747127, 0.02945534379496734, 0.4419888520832833, 0.46062280669589484], [-0.20760536577624197, 0.12449317209551002, 0.4981449338721662, -0.8326182120636114]], "target": [-0.7281399134073283, 0.22023994087946305, 0.649021325655564, 0.008829144288845752], "inputs": [0, 0, 0, 0], "outputs": [0, 0, 0, 0], "time_start": null, "time_complete": null, "actions": null}, {"designers": [1], "num_inputs": [4], "num_outputs": [4], "coupling": [[-0.7355563347936417, -0.15154927065447982, 0.5965786198748209, 0.2829905426287144], [-0.5387131990949023, -0.454711348510035, -0.6716671144037165, -0.22779149695655182], [-0.23127675557608246, 0.37951178029268623, 0.22283113707354665, -0.8676567035987144], [-0.33949378462069374, 0.7913540400600462, -0.3785545166648384, 0.3394101227088134]], "target": [0.5742245388117626, 0.4228827904870045, 0.6527318533578504, -0.25569014871200757], "inputs": [1, 1, 1, 1], "outputs": [1, 1, 1, 1], "time_start": null, "time_complete": null, "actions": null}, {"designers": [2], "num_inputs": [4], "num_outputs": [4], "coupling": [[-0.411774591210673, -0.3180525981322064, 0.8527563027868192, -0.045726566807405035], [-0.6932921440141558, -0.4107414862682696, -0.46855261100237444, 0.3620716575889993], [-0.39766829210697574, 0.11302538854030503, -0.19753129185819268, -0.8888568949695264], [-0.43777576284470104, 0.8469706239444192, 0.1193588183463881, 0.2770317962326613]], "target": [0.305661055541143, -0.5049789930093601, 0.2884602223823527, -0.7538953746030349], "inputs": [2, 2, 2, 2], "outputs": [2, 2, 2, 2], "time_start": null, "time_complete": null, "actions": null}, {"designers": [3], "num_inputs": [4], "num_outputs": [4], "coupling": [[-0.45083612954767127, 0.8253205309671496, -0.23617192581643767, 0.2445723347288727], [-0.5402768601722219, 0.0234798445609914, 0.2993536993811437, -0.786089672956375], [-0.5172788716378999, -0.5027311837323618, -0.6881340086406452, 0.07845707114234632], [-0.4871039597600719, -0.25603920591688917, 0.6173182082808949, 0.5622204969087948]], "target": [-0.6211079161374382, -0.701646866221543, -0.30565515543226746, 0.16879442405060005], "inputs": [3, 3, 3, 3], "outputs": [3, 3, 3, 3], "time_start": null, "time_complete": null, "actions": null}]}, {"name": "Absorbed Copper (Pair)", "assignments": [[1, 0], [3, 2]], "tasks": [{"designers": [1, 0], "num_inputs": [2, 1], "num_outputs": [2, 1], "coupling": [[-0.633594116889054, 0.34751466730995895, 0.6912250364736718], [-0.6364375918198931, 0.27387804257958526, -0.7210672711413757], [-0.43989281281020676, -0.8967855784953412, 0.04764388146132656]], "target": [0.7220383314457164, 0.2311260295194882, -0.6521053644938388], "inputs": [1, 1, 0], "outputs": [1, 1, 0], "time_start": null, "time_complete": null, "actions": null}, {"designers": [3, 2], "num_inputs": [2, 1], "num_outputs": [2, 1], "coupling": [[-0.37582726484504936, 0.9197500484059153, 0.1131976830876208], [-0.8530315294784159, -0.2956377398636812, -0.4300413195077986], [-0.36206501724801193, -0.2581824456186182, 0.8956845136874847]], "target": [0.6355053970288211, 0.0787387816769213, 0.768071021851023], "inputs": [3, 3, 2], "outputs": [3, 3, 2], "time_start": null, "time_complete": null, "actions": null}]}, {"name": "Chief Government (Pair)", "assignments": [[0, 1], [2, 3]], "tasks": [{"designers": [0, 1], "num_inputs": [2, 2], "num_outputs": [2, 2], "coupling": [[-0.5163347048685262, -0.20616395268472018, 0.1893912175051483, -0.8093366814210644], [-0.4161330378471083, -0.7580153675375735, 0.12215858944130502, 0.4871583689260864], [-0.5676084049791318, 0.260983786738435, -0.7723374157359087, 0.11490464703871142], [-0.48790620610678304, 0.5610673669444314, 0.5938881729854587, 0.3073235783022873]], "target": [0.5528055231824829, -0.2653562823796455, -0.6528601628453322, -0.4447085615435815], "inputs": [0, 0, 1, 1], "outputs": [0, 0, 1, 1], "time_start": null, "time_complete": null, "actions": null}, {"designers": [2, 3], "num_inputs": [2, 2], "num_outputs": [2, 2], "coupling": [[-0.4454539169375585, 0.5855403828479318, -0.6201505834298707, 0.27226186257145], [-0.2681775499056772, 0.5104915320592868, 0.7805564569671385, 0.24126917521568633], [-0.6193655710056879, -0.045657834585164155, 0.058648345354677646, -0.7815766265574672], [-0.5882498610831737, -0.6280574956889322, 0.05201195002743899, 0.5067550099396323]], "target": [0.40328982517958867, 0.8190175492312224, 0.01783312891781238, 0.4077371095091785], "inputs": [2, 2, 3, 3], "outputs": [2, 2, 3, 3], "time_start": null, "time_complete": null, "actions": null}]}]}