{"name": "experiment001", "num_designers": 4, "error_tol": 0.05, "training": [{"name": "Training Task 1/5 (Individual)", "assignments": [[0], [1], [2], [3]], "tasks": [{"designers": [0], "num_inputs": [1], "num_outputs": [1], "coupling": [[1.0]], "target": [1.0], "inputs": [0], "outputs": [0], "time_start": null, "time_complete": null, "actions": null, "score": null}, {"designers": [1], "num_inputs": [1], "num_outputs": [1], "coupling": [[1.0]], "target": [1.0], "inputs": [1], "outputs": [1], "time_start": null, "time_complete": null, "actions": null, "score": null}, {"designers": [2], "num_inputs": [1], "num_outputs": [1], "coupling": [[1.0]], "target": [1.0], "inputs": [2], "outputs": [2], "time_start": null, "time_complete": null, "actions": null, "score": null}, {"designers": [3], "num_inputs": [1], "num_outputs": [1], "coupling": [[1.0]], "target": [1.0], "inputs": [3], "outputs": [3], "time_start": null, "time_complete": null, "actions": null, "score": null}], "max_time": null}, {"name": "Training Task 2/5 (Individual)", "assignments": [[0], [1], [2], [3]], "tasks": [{"designers": [0], "num_inputs": [2], "num_outputs": [2], "coupling": [[-0.7372998124605716, -0.6755656789281158], [-0.6755656789281158, 0.7372998124605716]], "target": [0.15787534856188845, 0.9874590494377284], "inputs": [0, 0], "outputs": [0, 0], "time_start": null, "time_complete": null, "actions": null, "score": null}, {"designers": [1], "num_inputs": [2], "num_outputs": [2], "coupling": [[0.10676637342621226, 0.9942841351974869], [0.9942841351974868, -0.10676637342621224]], "target": [0.6008950353103568, 0.7993279405471605], "inputs": [1, 1], "outputs": [1, 1], "time_start": null, "time_complete": null, "actions": null, "score": null}, {"designers": [2], "num_inputs": [2], "num_outputs": [2], "coupling": [[-0.8181306562432212, -0.575032372406142], [-0.575032372406142, 0.8181306562432213]], "target": [-0.9389121032831178, 0.3441570314674275], "inputs": [2, 2], "outputs": [2, 2], "time_start": null, "time_complete": null, "actions": null, "score": null}, {"designers": [3], "num_inputs": [2], "num_outputs": [2], "coupling": [[-0.8511351119346999, -0.5249466841803139], [-0.5249466841803141, 0.8511351119346997]], "target": [-0.9713960556663772, 0.23746516173073592], "inputs": [3, 3], "outputs": [3, 3], "time_start": null, "time_complete": null, "actions": null, "score": null}], "max_time": null}, {"name": "Training Task 3/5 (Pair)", "assignments": [[0, 1], [2, 3]], "tasks": [{"designers": [0, 1], "num_inputs": [1, 1], "num_outputs": [1, 1], "coupling": [[-1, 0], [0, -1]], "target": [0.25481567049711695, 0.9669896452750179], "inputs": [0, 1], "outputs": [0, 1], "time_start": null, "time_complete": null, "actions": null, "score": null}, {"designers": [2, 3], "num_inputs": [1, 1], "num_outputs": [1, 1], "coupling": [[1, 0], [0, -1]], "target": [-0.912536405835364, -0.4089954865583188], "inputs": [2, 3], "outputs": [2, 3], "time_start": null, "time_complete": null, "actions": null, "score": null}], "max_time": null}, {"name": "Training Task 4/5 (Pair)", "assignments": [[0, 1], [2, 3]], "tasks": [{"designers": [0, 1], "num_inputs": [1, 1], "num_outputs": [1, 1], "coupling": [[-0.5607773617637709, -0.827966636123259], [-0.827966636123259, 0.5607773617637709]], "target": [-0.8044537503931688, -0.5940152889264426], "inputs": [0, 1], "outputs": [0, 1], "time_start": null, "time_complete": null, "actions": null, "score": null}, {"designers": [2, 3], "num_inputs": [1, 1], "num_outputs": [1, 1], "coupling": [[-0.5655881717601545, -0.8246878318279021], [-0.8246878318279022, 0.5655881717601545]], "target": [0.5273105890110064, -0.8496726091365225], "inputs": [2, 3], "outputs": [2, 3], "time_start": null, "time_complete": null, "actions": null, "score": null}], "max_time": null}, {"name": "Training Task 5/5 (Pair)", "assignments": [[0, 1], [2, 3]], "tasks": [{"designers": [0, 1], "num_inputs": [2, 1], "num_outputs": [2, 1], "coupling": [[-0.3831001481399414, 0.28831105208472735, 0.8775596924089851], [-0.4935340567869998, 0.7391783116283007, -0.45830072922667386], [-0.7808062572024649, -0.6086806723267402, -0.14088799753473027]], "target": [-0.607620139524339, 0.5096619063516675, -0.609132585943657], "inputs": [0, 0, 1], "outputs": [0, 0, 1], "time_start": null, "time_complete": null, "actions": null, "score": null}, {"designers": [2, 3], "num_inputs": [2, 1], "num_outputs": [2, 1], "coupling": [[-0.850291914849565, 0.4377788058548697, -0.292153002185061], [-0.46510155296114264, -0.8848213422511064, 0.027780167927568118], [-0.24634164279429757, 0.15950206720050636, 0.9559680358590301]], "target": [-0.905966617260888, 0.40007413848018253, 0.1384383333047731], "inputs": [2, 2, 3], "outputs": [2, 2, 3], "time_start": null, "time_complete": null, "actions": null, "score": null}], "max_time": null}], "rounds": [{"name": "Hallowed Sign (Pair)", "assignments": [[1, 0], [3, 2]], "tasks": [{"designers": [1, 0], "num_inputs": [2, 1], "num_outputs": [2, 1], "coupling": [[-0.5420332128187816, -0.07148678157284312, 0.8373109555366548], [-0.7298079835523991, 0.5340234545053131, -0.42684804928849474], [-0.41662969570654823, -0.8424420396078108, -0.3416300726764263]], "target": [-0.34573747916386277, 0.8361364731724754, -0.42584198211556334], "inputs": [1, 1, 0], "outputs": [1, 1, 0], "time_start": null, "time_complete": null, "actions": null, "score": null}, {"designers": [3, 2], "num_inputs": [2, 1], "num_outputs": [2, 1], "coupling": [[-0.40939103049852554, 0.9016696666145552, -0.13925084004971539], [-0.6335967102502231, -0.39079476115287765, -0.6677085168062178], [-0.6564710145219276, -0.18512500361285975, 0.7312828044812002]], "target": [0.6857088720267908, 0.7244443437548482, -0.07059557794475022], "inputs": [3, 3, 2], "outputs": [3, 3, 2], "time_start": null, "time_complete": null, "actions": null, "score": null}], "max_time": 600000}, {"name": "Flat Sleep (Individual)", "assignments": [[0], [1], [2], [3]], "tasks": [{"designers": [0], "num_inputs": [2], "num_outputs": [2], "coupling": [[0.7090981647414846, 0.7051097735532091], [0.7051097735532093, -0.7090981647414847]], "target": [0.921116759914159, -0.38928641718565266], "inputs": [0, 0], "outputs": [0, 0], "time_start": null, "time_complete": null, "actions": null, "score": null}, {"designers": [1], "num_inputs": [2], "num_outputs": [2], "coupling": [[-0.6600085325830555, -0.751258102730055], [-0.751258102730055, 0.6600085325830554]], "target": [-0.9646782973797168, 0.26343079274179465], "inputs": [1, 1], "outputs": [1, 1], "time_start": null, "time_complete": null, "actions": null, "score": null}, {"designers": [2], "num_inputs": [2], "num_outputs": [2], "coupling": [[0.7742366454176765, 0.6328962133654954], [0.6328962133654955, -0.7742366454176767]], "target": [0.8785787032087704, -0.47759759449561245], "inputs": [2, 2], "outputs": [2, 2], "time_start": null, "time_complete": null, "actions": null, "score": null}, {"designers": [3], "num_inputs": [2], "num_outputs": [2], "coupling": [[-0.81049428494476, -0.5857465442253008], [-0.5857465442253009, 0.81049428494476]], "target": [0.9932495211672174, -0.11599736506099324], "inputs": [3, 3], "outputs": [3, 3], "time_start": null, "time_complete": null, "actions": null, "score": null}], "max_time": 120000}, {"name": "Noiseless Stone (Individual)", "assignments": [[0], [1], [2], [3]], "tasks": [{"designers": [0], "num_inputs": [3], "num_outputs": [3], "coupling": [[-0.44174416510762365, 0.19780807355412333, 0.8750623169981526], [-0.7882185834217923, 0.38025111677881573, -0.4838600551161531], [-0.4284548486619238, -0.9034827359862886, -0.012057712586474397]], "target": [0.7990479462512292, 0.3308632566150598, -0.5020476919713603], "inputs": [0, 0, 0], "outputs": [0, 0, 0], "time_start": null, "time_complete": null, "actions": null, "score": null}, {"designers": [1], "num_inputs": [3], "num_outputs": [3], "coupling": [[-0.8557351147889242, 0.49239171475911325, 0.15895852463383783], [-0.3579648602366467, -0.34156802859055946, -0.8690180899616051], [-0.3736021575860405, -0.800550861020921, 0.468550687509598]], "target": [0.6888847490212615, -0.7241237104089376, 0.03290371695579021], "inputs": [1, 1, 1], "outputs": [1, 1, 1], "time_start": null, "time_complete": null, "actions": null, "score": null}, {"designers": [2], "num_inputs": [3], "num_outputs": [3], "coupling": [[-0.5186607995483145, -0.8008086948059533, 0.29949358813685517], [-0.33409925410262226, 0.5122756445045704, 0.7911708743725963], [-0.7869997861625971, 0.3102887338763888, -0.5332468829814323]], "target": [-0.9727463550092972, 0.12187414588643053, 0.19725927451093167], "inputs": [2, 2, 2], "outputs": [2, 2, 2], "time_start": null, "time_complete": null, "actions": null, "score": null}, {"designers": [3], "num_inputs": [3], "num_outputs": [3], "coupling": [[-0.6531492718687872, 0.2329514761690463, -0.7205065151738296], [-0.3319713605022272, -0.9432808083814468, -0.004041329675369029], [-0.6805814017908319, 0.23654793655812542, 0.6934363916369831]], "target": [0.7588371758811188, 0.5983436338501334, -0.25719843765424727], "inputs": [3, 3, 3], "outputs": [3, 3, 3], "time_start": null, "time_complete": null, "actions": null, "score": null}], "max_time": 240000}, {"name": "Absorbed Copper (Pair)", "assignments": [[1, 0], [3, 2]], "tasks": [{"designers": [1, 0], "num_inputs": [2, 1], "num_outputs": [2, 1], "coupling": [[-0.19819899868474175, 0.340194866873718, -0.9192304441613861], [-0.4287833586194723, -0.8734297123675404, -0.23079291350594003], [-0.8813977469289167, 0.348407792832377, 0.31898279201596536]], "target": [0.9656150817300806, -0.22698715843693282, 0.1267451925720922], "inputs": [1, 1, 0], "outputs": [1, 1, 0], "time_start": null, "time_complete": null, "actions": null, "score": null}, {"designers": [3, 2], "num_inputs": [2, 1], "num_outputs": [2, 1], "coupling": [[-0.49555643269561805, 0.26004492499801196, 0.828734251130465], [-0.466988982850292, 0.7247238670076513, -0.5066523526896195], [-0.7323558642561984, -0.6380845975043242, -0.23770345920348332]], "target": [-0.8729642263789803, -0.47652700863077346, -0.10418958445043872], "inputs": [3, 3, 2], "outputs": [3, 3, 2], "time_start": null, "time_complete": null, "actions": null, "score": null}], "max_time": 600000}, {"name": "Thinkable Ink (Pair)", "assignments": [[0, 1], [2, 3]], "tasks": [{"designers": [0, 1], "num_inputs": [1, 1], "num_outputs": [1, 1], "coupling": [[-0.4786429098121574, -0.8780096610439722], [-0.8780096610439722, 0.47864290981215724]], "target": [-0.28405741553867125, -0.9588072719152118], "inputs": [0, 1], "outputs": [0, 1], "time_start": null, "time_complete": null, "actions": null, "score": null}, {"designers": [2, 3], "num_inputs": [1, 1], "num_outputs": [1, 1], "coupling": [[-0.2758590896478283, -0.9611980871072683], [-0.9611980871072683, 0.2758590896478281]], "target": [0.7695761293487082, 0.638555072908093], "inputs": [2, 3], "outputs": [2, 3], "time_start": null, "time_complete": null, "actions": null, "score": null}], "max_time": 180000}, {"name": "Towering Test (Pair)", "assignments": [[0, 1], [2, 3]], "tasks": [{"designers": [0, 1], "num_inputs": [1, 1], "num_outputs": [1, 1], "coupling": [[-0.7021824094618847, -0.7119970953889505], [-0.7119970953889505, 0.7021824094618846]], "target": [0.22983429919633025, 0.9732297749827283], "inputs": [0, 1], "outputs": [0, 1], "time_start": null, "time_complete": null, "actions": null, "score": null}, {"designers": [2, 3], "num_inputs": [1, 1], "num_outputs": [1, 1], "coupling": [[-0.9030636888507829, -0.42950666336998344], [-0.42950666336998344, 0.903063688850783]], "target": [-0.22624104465894934, -0.97407134734147], "inputs": [2, 3], "outputs": [2, 3], "time_start": null, "time_complete": null, "actions": null, "score": null}], "max_time": 180000}, {"name": "Unwritten Experience (Individual)", "assignments": [[0], [1], [2], [3]], "tasks": [{"designers": [0], "num_inputs": [3], "num_outputs": [3], "coupling": [[-0.5483530659553327, -0.7093958467263892, -0.4427939110971794], [-0.6279431661322235, -0.00038600675093104677, 0.7782591028100008], [-0.5522646966493749, 0.7048101756119433, -0.4452486060490655]], "target": [-0.9047570681134269, 0.4146039789598021, -0.09756120299327893], "inputs": [0, 0, 0], "outputs": [0, 0, 0], "time_start": null, "time_complete": null, "actions": null, "score": null}, {"designers": [1], "num_inputs": [3], "num_outputs": [3], "coupling": [[-0.7685615333303437, 0.6115411168583402, -0.18796444311774624], [-0.4310542327949552, -0.7120739456314896, -0.5542047855642847], [-0.4727635961814991, -0.34491761095144996, 0.8108800304490674]], "target": [0.642288742977998, 0.3067012533884956, -0.7024240256523614], "inputs": [1, 1, 1], "outputs": [1, 1, 1], "time_start": null, "time_complete": null, "actions": null, "score": null}, {"designers": [2], "num_inputs": [3], "num_outputs": [3], "coupling": [[-0.4869586793154771, -0.2160081728985882, -0.8462929243945857], [-0.639480693294325, -0.571807735693455, 0.5139069529641864], [-0.5949249427811343, 0.7914394371284129, 0.14031368363322858]], "target": [0.4968744292931473, -0.30936592524734063, -0.8108073296477198], "inputs": [2, 2, 2], "outputs": [2, 2, 2], "time_start": null, "time_complete": null, "actions": null, "score": null}, {"designers": [3], "num_inputs": [3], "num_outputs": [3], "coupling": [[-0.3245188338100359, -0.6311325013056409, -0.7045277086802618], [-0.6573343104681677, -0.3851070411753116, 0.6477686092413985], [-0.6801464039336774, 0.6733233492408256, -0.2898905596655476]], "target": [-0.39860803158216007, -0.8073106316926317, 0.43515650186368504], "inputs": [3, 3, 3], "outputs": [3, 3, 3], "time_start": null, "time_complete": null, "actions": null, "score": null}], "max_time": 240000}, {"name": "Better Behavior (Pair)", "assignments": [[0, 1], [2, 3]], "tasks": [{"designers": [0, 1], "num_inputs": [2, 1], "num_outputs": [2, 1], "coupling": [[-0.6044588728624227, 0.6641226271435722, -0.4399665977478394], [-0.609434632089706, -0.7411766420659845, -0.281507752052188], [-0.5130486333941197, 0.09797102312271432, 0.8527501265908525]], "target": [-0.9243721613299694, 0.38056427818446836, -0.02658829682578194], "inputs": [0, 0, 1], "outputs": [0, 0, 1], "time_start": null, "time_complete": null, "actions": null, "score": null}, {"designers": [2, 3], "num_inputs": [2, 1], "num_outputs": [2, 1], "coupling": [[-0.7616363115898703, 0.5917066911071287, 0.26418425495632986], [-0.4602452530849036, -0.2069622736630612, -0.8633312946331956], [-0.4561627296048977, -0.7791340122079574, 0.4299601785516186]], "target": [-0.32636604536011316, 0.23512061655448646, -0.9155345433718154], "inputs": [2, 2, 3], "outputs": [2, 2, 3], "time_start": null, "time_complete": null, "actions": null, "score": null}], "max_time": 600000}, {"name": "Husky Verse (Pair)", "assignments": [[0, 1], [2, 3]], "tasks": [{"designers": [0, 1], "num_inputs": [2, 2], "num_outputs": [2, 2], "coupling": [[-0.45418005710923176, 0.8815317191456383, -0.007721980360647452, 0.12869605620880809], [-0.5106534386950158, -0.3741037158820335, 0.10658918441111866, 0.7667582546531752], [-0.6434775307661385, -0.2400435645060629, 0.40696602035920676, -0.6022411583504791], [-0.34480459491184917, -0.15914560956122625, -0.9071702018137897, -0.18117585718353738]], "target": [-0.8478193002946945, -0.2805153412881721, 0.21785311410089908, -0.3937684573786161], "inputs": [0, 0, 1, 1], "outputs": [0, 0, 1, 1], "time_start": null, "time_complete": null, "actions": null, "score": null}, {"designers": [2, 3], "num_inputs": [2, 2], "num_outputs": [2, 2], "coupling": [[-0.3235345139400613, 0.20398230516367694, 0.9236969703561353, 0.0223728501666159], [-0.5462519110382208, -0.7226947928910631, -0.021492468737234757, -0.4229174385182228], [-0.5232011680311317, 0.6597505887489942, -0.3184042448260209, -0.4354405071797834], [-0.5685022477946065, -0.02885508886856018, -0.2119922583946101, 0.794375138382125]], "target": [0.5810308343153967, -0.8046147284109699, -0.11579928094046658, 0.039860192329774696], "inputs": [2, 2, 3, 3], "outputs": [2, 2, 3, 3], "time_start": null, "time_complete": null, "actions": null, "score": null}], "max_time": 1200000}, {"name": "Economic Motion (Individual)", "assignments": [[0], [1], [2], [3]], "tasks": [{"designers": [0], "num_inputs": [2], "num_outputs": [2], "coupling": [[-0.7959306313133407, -0.6053878344806304], [-0.6053878344806304, 0.7959306313133405]], "target": [-0.26207318331089646, 0.9650480022202488], "inputs": [0, 0], "outputs": [0, 0], "time_start": null, "time_complete": null, "actions": null, "score": null}, {"designers": [1], "num_inputs": [2], "num_outputs": [2], "coupling": [[-0.7254600785332438, -0.6882642475492528], [-0.6882642475492528, 0.7254600785332442]], "target": [0.002903801500920178, 0.999995783959534], "inputs": [1, 1], "outputs": [1, 1], "time_start": null, "time_complete": null, "actions": null, "score": null}, {"designers": [2], "num_inputs": [2], "num_outputs": [2], "coupling": [[-0.7978234592912062, -0.6028911409239758], [-0.6028911409239758, 0.7978234592912063]], "target": [-0.778119333344881, 0.6281164725390651], "inputs": [2, 2], "outputs": [2, 2], "time_start": null, "time_complete": null, "actions": null, "score": null}, {"designers": [3], "num_inputs": [2], "num_outputs": [2], "coupling": [[-0.8762084892314976, -0.4819322394265158], [-0.481932239426516, 0.8762084892314975]], "target": [-0.9447838353443516, 0.3276942240443325], "inputs": [3, 3], "outputs": [3, 3], "time_start": null, "time_complete": null, "actions": null, "score": null}], "max_time": 120000}, {"name": "Staking System (Pair)", "assignments": [[0, 1], [2, 3]], "tasks": [{"designers": [0, 1], "num_inputs": [1, 1], "num_outputs": [1, 1], "coupling": [[-0.654661322770854, -0.7559223190698344], [-0.7559223190698343, 0.6546613227708539]], "target": [-0.5571467856495138, 0.8304140288075668], "inputs": [0, 1], "outputs": [0, 1], "time_start": null, "time_complete": null, "actions": null, "score": null}, {"designers": [2, 3], "num_inputs": [1, 1], "num_outputs": [1, 1], "coupling": [[0.5832669009140024, 0.8122805687065126], [0.8122805687065126, -0.5832669009140022]], "target": [0.9958699509116495, -0.09079119379779309], "inputs": [2, 3], "outputs": [2, 3], "time_start": null, "time_complete": null, "actions": null, "score": null}], "max_time": 180000}, {"name": "Impolite Heat (Individual)", "assignments": [[0], [1], [2], [3]], "tasks": [{"designers": [0], "num_inputs": [4], "num_outputs": [4], "coupling": [[-0.6352933394296136, 0.629653705524389, 0.15459016067878684, 0.41957176527631473], [-0.5387520677936951, -0.011056002924457773, 0.10088528337400034, -0.8363289626970358], [-0.3773730324888301, -0.2589036092209718, -0.8779439783166099, 0.14061609587861126], [-0.40464574219256544, -0.732381660782884, 0.44174473710216255, 0.3236363909032394]], "target": [0.5115256743378158, -0.3114445150208412, -0.7818992137434805, -0.17313988016630583], "inputs": [0, 0, 0, 0], "outputs": [0, 0, 0, 0], "time_start": null, "time_complete": null, "actions": null, "score": null}, {"designers": [1], "num_inputs": [4], "num_outputs": [4], "coupling": [[-0.2743172804483939, 0.8985073055341779, -0.03811338138672046, -0.34056133325493537], [-0.4048708361697689, -0.3616099908571423, -0.6279738161284577, -0.5576438888650638], [-0.47397003769673474, 0.12303281966750927, -0.4358448656707485, 0.7551520255676105], [-0.7322445213399311, -0.21630016573888997, 0.6436113031052048, -0.05288373837205663]], "target": [-0.5623446567952746, -0.6784835950781914, -0.3027537048092042, -0.36299957631914465], "inputs": [1, 1, 1, 1], "outputs": [1, 1, 1, 1], "time_start": null, "time_complete": null, "actions": null, "score": null}, {"designers": [2], "num_inputs": [4], "num_outputs": [4], "coupling": [[-0.5407577148064535, 0.0789022909200457, 0.49351149019006985, -0.6766106202353366], [-0.38648293688077684, -0.7940878355751966, 0.24875037714390946, 0.3977168575284071], [-0.6457234164410549, 0.06018836297294324, -0.7605378328239659, -0.03163598055623643], [-0.3758368034626244, 0.5996468117498036, 0.34081059808134645, 0.6188849122064027]], "target": [-0.4847018677903241, -0.06422909073011024, -0.7286033560273636, 0.47966224872322105], "inputs": [2, 2, 2, 2], "outputs": [2, 2, 2, 2], "time_start": null, "time_complete": null, "actions": null, "score": null}, {"designers": [3], "num_inputs": [4], "num_outputs": [4], "coupling": [[-0.3912924360532201, 0.06335260871745103, 0.9162777943294235, -0.05754719867236395], [-0.5601642525072695, -0.7378934423962579, -0.1670063240956277, 0.3373991191358369], [-0.5582027765439292, 0.14239316110528746, -0.29607401885644963, -0.7618884585602294], [-0.4706547566520044, 0.6566764060842583, -0.2118586006964619, 0.5498873803280468]], "target": [0.7221668670384391, 0.07830807471203816, -0.07702569187616672, 0.6829420944544107], "inputs": [3, 3, 3, 3], "outputs": [3, 3, 3, 3], "time_start": null, "time_complete": null, "actions": null, "score": null}], "max_time": 600000}]}