{"name": "experiment006", "num_designers": 4, "error_tol": 0.05, "training": [{"name": "Training Task 1/5 (Individual)", "assignments": [[0], [1], [2], [3]], "tasks": [{"designers": [0], "num_inputs": [1], "num_outputs": [1], "coupling": [[1.0]], "target": [1.0], "inputs": [0], "outputs": [0], "time_start": null, "time_complete": null, "actions": null, "score": null}, {"designers": [1], "num_inputs": [1], "num_outputs": [1], "coupling": [[1.0]], "target": [1.0], "inputs": [1], "outputs": [1], "time_start": null, "time_complete": null, "actions": null, "score": null}, {"designers": [2], "num_inputs": [1], "num_outputs": [1], "coupling": [[1.0]], "target": [1.0], "inputs": [2], "outputs": [2], "time_start": null, "time_complete": null, "actions": null, "score": null}, {"designers": [3], "num_inputs": [1], "num_outputs": [1], "coupling": [[1.0]], "target": [1.0], "inputs": [3], "outputs": [3], "time_start": null, "time_complete": null, "actions": null, "score": null}]}, {"name": "Training Task 2/5 (Individual)", "assignments": [[0], [1], [2], [3]], "tasks": [{"designers": [0], "num_inputs": [2], "num_outputs": [2], "coupling": [[0.31891251362385126, 0.9477841572078087], [0.947784157207809, -0.3189125136238514]], "target": [0.8595308862163946, -0.5110838049088033], "inputs": [0, 0], "outputs": [0, 0], "time_start": null, "time_complete": null, "actions": null, "score": null}, {"designers": [1], "num_inputs": [2], "num_outputs": [2], "coupling": [[-0.5101187259627182, -0.8601039968644334], [-0.8601039968644333, 0.5101187259627183]], "target": [0.39247862376478304, -0.9197611265365057], "inputs": [1, 1], "outputs": [1, 1], "time_start": null, "time_complete": null, "actions": null, "score": null}, {"designers": [2], "num_inputs": [2], "num_outputs": [2], "coupling": [[-0.7301982288595251, -0.6832353522545598], [-0.6832353522545598, 0.7301982288595251]], "target": [0.8280699965768155, -0.560624723651457], "inputs": [2, 2], "outputs": [2, 2], "time_start": null, "time_complete": null, "actions": null, "score": null}, {"designers": [3], "num_inputs": [2], "num_outputs": [2], "coupling": [[-0.1607151509709939, -0.9870008309258762], [-0.9870008309258762, 0.16071515097099426]], "target": [-0.6229667461745483, 0.7822483193722414], "inputs": [3, 3], "outputs": [3, 3], "time_start": null, "time_complete": null, "actions": null, "score": null}]}, {"name": "Training Task 3/5 (Pair)", "assignments": [[0, 1], [2, 3]], "tasks": [{"designers": [0, 1], "num_inputs": [1, 1], "num_outputs": [1, 1], "coupling": [[-0.9610841359007789, -0.2762558302006546], [-0.27625583020065453, 0.9610841359007789]], "target": [0.9786752569805726, -0.20541358614758237], "inputs": [0, 1], "outputs": [0, 1], "time_start": null, "time_complete": null, "actions": null, "score": null}, {"designers": [2, 3], "num_inputs": [1, 1], "num_outputs": [1, 1], "coupling": [[-0.7326099966210327, -0.6806486559532241], [-0.680648655953224, 0.7326099966210328]], "target": [0.962104983835776, 0.2726792989545798], "inputs": [2, 3], "outputs": [2, 3], "time_start": null, "time_complete": null, "actions": null, "score": null}]}, {"name": "Training Task 4/5 (Pair)", "assignments": [[0, 1], [2, 3]], "tasks": [{"designers": [0, 1], "num_inputs": [2, 1], "num_outputs": [2, 1], "coupling": [[-0.5681560717280771, 0.08986264748844174, -0.8179996227046128], [-0.7282244955820322, -0.5178484339869639, 0.4489121110546516], [-0.38325939283051436, 0.8507395041983282, 0.3596589131435064]], "target": [-0.8402326555578874, 0.08385910806692327, 0.5357020949449054], "inputs": [0, 0, 1], "outputs": [0, 0, 1], "time_start": null, "time_complete": null, "actions": null, "score": null}, {"designers": [2, 3], "num_inputs": [2, 1], "num_outputs": [2, 1], "coupling": [[-0.26669922261047335, 0.07426441029231559, -0.9609143156509341], [-0.6397488849014275, -0.7593352588656056, 0.11887526618638337], [-0.7208279190807947, 0.6464478030030252, 0.25002469691255097]], "target": [0.6261206246312567, -0.28060997309892555, -0.727482650245891], "inputs": [2, 2, 3], "outputs": [2, 2, 3], "time_start": null, "time_complete": null, "actions": null, "score": null}]}, {"name": "Training Task 5/5 (Pair)", "assignments": [[1, 0], [3, 2]], "tasks": [{"designers": [1, 0], "num_inputs": [2, 1], "num_outputs": [2, 1], "coupling": [[-0.661813158874152, -0.2159173156878424, 0.7179018425433756], [-0.5066964780645322, 0.8346033709688795, -0.21609232352025518], [-0.5525052233762286, -0.5067710784501623, -0.6617560367601066]], "target": [0.04823597798488177, -0.1747475507840162, 0.98343102652033], "inputs": [1, 1, 0], "outputs": [1, 1, 0], "time_start": null, "time_complete": null, "actions": null, "score": null}, {"designers": [3, 2], "num_inputs": [2, 1], "num_outputs": [2, 1], "coupling": [[-0.3852445498690449, 0.48333563368023835, -0.7861127794477828], [-0.7971270822867359, -0.6034937466913681, 0.019588578035409202], [-0.4649462888132683, 0.6341781791573536, 0.6177726002336393]], "target": [-0.37616238845948624, -0.9246601674481082, 0.05920669086590634], "inputs": [3, 3, 2], "outputs": [3, 3, 2], "time_start": null, "time_complete": null, "actions": null, "score": null}]}], "rounds": [{"name": "Hallowed Sign (Pair)", "assignments": [[1, 0], [3, 2]], "tasks": [{"designers": [1, 0], "num_inputs": [2, 1], "num_outputs": [2, 1], "coupling": [[-0.675700033085677, -0.048700785878363545, -0.735566243612936], [-0.3260579859408333, -0.8751604064805395, 0.3574639180854824], [-0.6611472264875828, 0.4813756291957942, 0.5754666354569395]], "target": [0.8981216252431528, 0.41535391580352354, -0.1444253125226932], "inputs": [1, 1, 0], "outputs": [1, 1, 0], "time_start": null, "time_complete": null, "actions": null, "score": null}, {"designers": [3, 2], "num_inputs": [2, 1], "num_outputs": [2, 1], "coupling": [[-0.270967936550541, 0.3606644681300259, -0.8924670967548484], [-0.6810245026078373, -0.7270677077440442, -0.08705271508441913], [-0.6802808274597265, 0.5842034660837842, 0.4426333765165063]], "target": [0.5448191965379885, -0.7996575334930558, -0.25242795449692695], "inputs": [3, 3, 2], "outputs": [3, 3, 2], "time_start": null, "time_complete": null, "actions": null, "score": null}]}, {"name": "Noiseless Stone (Individual)", "assignments": [[0], [1], [2], [3]], "tasks": [{"designers": [0], "num_inputs": [3], "num_outputs": [3], "coupling": [[-0.305701308219113, 0.22778734795265013, -0.9244780334144349], [-0.4534016088941782, -0.8886294963807035, -0.06902607633604166], [-0.8372417161162563, 0.39805846590027033, 0.37493434961314226]], "target": [0.20522308238042952, 0.9471025166363304, -0.2467393552707085], "inputs": [0, 0, 0], "outputs": [0, 0, 0], "time_start": null, "time_complete": null, "actions": null, "score": null}, {"designers": [1], "num_inputs": [3], "num_outputs": [3], "coupling": [[-0.6841142006918266, 0.7207014996598265, -0.11214770973969966], [-0.6129229894576017, -0.6513986166974658, -0.4472194664356467], [-0.39536460312746735, -0.2372112782999674, 0.8873655616718262]], "target": [-0.4302769532374564, -0.8981379017648093, 0.09060934237813359], "inputs": [1, 1, 1], "outputs": [1, 1, 1], "time_start": null, "time_complete": null, "actions": null, "score": null}, {"designers": [2], "num_inputs": [3], "num_outputs": [3], "coupling": [[-0.628428907234916, 0.3420446426896397, 0.6986290653550321], [-0.6746492321114052, 0.20740222613208362, -0.7084015317649639], [-0.3872021722085512, -0.9165095629630781, 0.10042260121211127]], "target": [0.7764006501389236, 0.13973566095010986, 0.6145534765361694], "inputs": [2, 2, 2], "outputs": [2, 2, 2], "time_start": null, "time_complete": null, "actions": null, "score": null}, {"designers": [3], "num_inputs": [3], "num_outputs": [3], "coupling": [[-0.6494004867378711, 0.12884195931288445, 0.7494523049167533], [-0.6367944458829284, 0.4465586225427253, -0.6285524881228285], [-0.41565832304582934, -0.8854293569524121, -0.20794954274911992]], "target": [-0.7964743634691007, -0.12082068930319458, 0.5924786488750389], "inputs": [3, 3, 3], "outputs": [3, 3, 3], "time_start": null, "time_complete": null, "actions": null, "score": null}]}, {"name": "Staking System (Pair)", "assignments": [[0, 1], [2, 3]], "tasks": [{"designers": [0, 1], "num_inputs": [1, 1], "num_outputs": [1, 1], "coupling": [[-0.5519651422933436, -0.8338671846841614], [-0.8338671846841615, 0.5519651422933435]], "target": [0.6308641803483155, -0.7758932825804383], "inputs": [0, 1], "outputs": [0, 1], "time_start": null, "time_complete": null, "actions": null, "score": null}, {"designers": [2, 3], "num_inputs": [1, 1], "num_outputs": [1, 1], "coupling": [[-0.8922627013497233, -0.4515166351089341], [-0.45151663510893403, 0.8922627013497235]], "target": [0.7169309646017701, -0.6971441687306691], "inputs": [2, 3], "outputs": [2, 3], "time_start": null, "time_complete": null, "actions": null, "score": null}]}, {"name": "Thinkable Ink (Pair)", "assignments": [[0, 1], [2, 3]], "tasks": [{"designers": [0, 1], "num_inputs": [1, 1], "num_outputs": [1, 1], "coupling": [[-0.8843626357203228, -0.4668005232878419], [-0.46680052328784183, 0.8843626357203231]], "target": [0.7434331674439469, 0.6688102313393992], "inputs": [0, 1], "outputs": [0, 1], "time_start": null, "time_complete": null, "actions": null, "score": null}, {"designers": [2, 3], "num_inputs": [1, 1], "num_outputs": [1, 1], "coupling": [[-0.8464450557644745, -0.5324760722998507], [-0.5324760722998507, 0.8464450557644747]], "target": [-0.6572740140654079, -0.7536516903944063], "inputs": [2, 3], "outputs": [2, 3], "time_start": null, "time_complete": null, "actions": null, "score": null}]}, {"name": "Better Behavior (Pair)", "assignments": [[0, 1], [2, 3]], "tasks": [{"designers": [0, 1], "num_inputs": [2, 1], "num_outputs": [2, 1], "coupling": [[-0.7140968263267675, 0.12191065679816404, -0.689350066649071], [-0.6079304555419531, -0.5962572264667012, 0.524307048503823], [-0.3471113421578028, 0.7934828994031804, 0.4998985942169985]], "target": [-0.6936338911961446, 0.2756149462353655, -0.6655136560550591], "inputs": [0, 0, 1], "outputs": [0, 0, 1], "time_start": null, "time_complete": null, "actions": null, "score": null}, {"designers": [2, 3], "num_inputs": [2, 1], "num_outputs": [2, 1], "coupling": [[-0.3917907724642941, -0.41712051043215437, 0.820067357226619], [-0.6376220754057903, 0.765665214576316, 0.08482256859478228], [-0.6632782821463734, -0.4896603506152228, -0.5659458114239672]], "target": [-0.8401563952428248, 0.24781386036609482, -0.48241633693629804], "inputs": [2, 2, 3], "outputs": [2, 2, 3], "time_start": null, "time_complete": null, "actions": null, "score": null}]}, {"name": "Unwritten Experience (Individual)", "assignments": [[0], [1], [2], [3]], "tasks": [{"designers": [0], "num_inputs": [3], "num_outputs": [3], "coupling": [[-0.5309554423403123, 0.8107426466900869, -0.24654143482821875], [-0.743396090946637, -0.5852917983894917, -0.3237217365319388], [-0.4067536972351488, 0.011396121092183412, 0.9134667800251902]], "target": [-0.9430103829160217, -0.15446677010451043, 0.29473960481424705], "inputs": [0, 0, 0], "outputs": [0, 0, 0], "time_start": null, "time_complete": null, "actions": null, "score": null}, {"designers": [1], "num_inputs": [3], "num_outputs": [3], "coupling": [[-0.25653782671053216, -0.23145117420184355, -0.9384128608598802], [-0.4509196649551179, -0.8301094099352452, 0.3280088768520188], [-0.8549033859000683, 0.5072954972178904, 0.1085885780321859]], "target": [0.6446938165097451, 0.49264917457891855, 0.5845226032762201], "inputs": [1, 1, 1], "outputs": [1, 1, 1], "time_start": null, "time_complete": null, "actions": null, "score": null}, {"designers": [2], "num_inputs": [3], "num_outputs": [3], "coupling": [[-0.9229307430724377, 0.35264543404612536, 0.15440220639025032], [-0.3113715607449331, -0.44796665528825463, -0.8380773394556844], [-0.22637710717080448, -0.8215637976422001, 0.52324595722538]], "target": [0.2891688729495321, 0.8717739733558407, 0.3954636548362788], "inputs": [2, 2, 2], "outputs": [2, 2, 2], "time_start": null, "time_complete": null, "actions": null, "score": null}, {"designers": [3], "num_inputs": [3], "num_outputs": [3], "coupling": [[-0.6149723446188587, 0.044591563647528414, -0.7872868650024916], [-0.4851613100211435, -0.8084601771822196, 0.33318260033960634], [-0.6216329452438563, 0.5868592117041042, 0.5188147521278538]], "target": [0.4815390035028846, -0.6600706852647132, 0.5765647219173412], "inputs": [3, 3, 3], "outputs": [3, 3, 3], "time_start": null, "time_complete": null, "actions": null, "score": null}]}, {"name": "Economic Motion (Individual)", "assignments": [[0], [1], [2], [3]], "tasks": [{"designers": [0], "num_inputs": [2], "num_outputs": [2], "coupling": [[-0.6238193840722576, -0.7815685357380435], [-0.7815685357380436, 0.6238193840722575]], "target": [-0.5184637958496778, 0.855099580395841], "inputs": [0, 0], "outputs": [0, 0], "time_start": null, "time_complete": null, "actions": null, "score": null}, {"designers": [1], "num_inputs": [2], "num_outputs": [2], "coupling": [[-0.9041905325629978, -0.42712934905417416], [-0.42712934905417416, 0.9041905325629978]], "target": [-0.17566929740815462, 0.9844492358410997], "inputs": [1, 1], "outputs": [1, 1], "time_start": null, "time_complete": null, "actions": null, "score": null}, {"designers": [2], "num_inputs": [2], "num_outputs": [2], "coupling": [[-0.32324894263271675, -0.9463139653871911], [-0.946313965387191, 0.323248942632717]], "target": [0.9946740805484955, -0.10307023568909347], "inputs": [2, 2], "outputs": [2, 2], "time_start": null, "time_complete": null, "actions": null, "score": null}, {"designers": [3], "num_inputs": [2], "num_outputs": [2], "coupling": [[-0.5686809689713983, -0.8225581775958172], [-0.8225581775958171, 0.5686809689713981]], "target": [0.9999346402390812, -0.011433077010973368], "inputs": [3, 3], "outputs": [3, 3], "time_start": null, "time_complete": null, "actions": null, "score": null}]}, {"name": "Chief Government (Pair)", "assignments": [[0, 1], [2, 3]], "tasks": [{"designers": [0, 1], "num_inputs": [2, 2], "num_outputs": [2, 2], "coupling": [[-0.37174044907522014, -0.24603211361508212, 0.8011883068948021, -0.39921740253462007], [-0.6371976655635628, -0.5123899778984276, -0.18061832892092175, 0.5466375991526824], [-0.446308062673643, 0.002657777590736366, -0.5557521750526561, -0.7013854641600578], [-0.5065543275051537, 0.8227500506457733, 0.12889467047591993, 0.2233186767180096]], "target": [-0.13085977695998197, 0.260637090042064, 0.8757098331970555, -0.3848068529929969], "inputs": [0, 0, 1, 1], "outputs": [0, 0, 1, 1], "time_start": null, "time_complete": null, "actions": null, "score": null}, {"designers": [2, 3], "num_inputs": [2, 2], "num_outputs": [2, 2], "coupling": [[-0.4919590651315779, -0.8364576415109276, 0.06842309896824371, 0.2315883669799098], [-0.6592431526964277, 0.538418590872236, 0.20101967882817923, 0.4848659354397317], [-0.38994558512917693, 0.08531950269015565, -0.8791030293497758, -0.26046283206441495], [-0.4139048012478255, 0.056254932422287275, 0.4267168054335858, -0.8021414875461292]], "target": [-0.9715114550935415, -0.13754471961635853, 0.1487161314123708, -0.12300591443270405], "inputs": [2, 2, 3, 3], "outputs": [2, 2, 3, 3], "time_start": null, "time_complete": null, "actions": null, "score": null}]}, {"name": "Flat Sleep (Individual)", "assignments": [[0], [1], [2], [3]], "tasks": [{"designers": [0], "num_inputs": [2], "num_outputs": [2], "coupling": [[-0.6675231553364385, -0.7445890390609339], [-0.7445890390609339, 0.6675231553364385]], "target": [0.9663402069931448, -0.25726757344921286], "inputs": [0, 0], "outputs": [0, 0], "time_start": null, "time_complete": null, "actions": null, "score": null}, {"designers": [1], "num_inputs": [2], "num_outputs": [2], "coupling": [[-0.5076270397973542, -0.8615769196459334], [-0.8615769196459334, 0.5076270397973545]], "target": [0.5764276227566987, -0.8171482091536766], "inputs": [1, 1], "outputs": [1, 1], "time_start": null, "time_complete": null, "actions": null, "score": null}, {"designers": [2], "num_inputs": [2], "num_outputs": [2], "coupling": [[-0.9793235056491965, -0.20230044805429417], [-0.20230044805429412, 0.9793235056491965]], "target": [-0.5278797225848759, -0.8493191381828825], "inputs": [2, 2], "outputs": [2, 2], "time_start": null, "time_complete": null, "actions": null, "score": null}, {"designers": [3], "num_inputs": [2], "num_outputs": [2], "coupling": [[-0.6948979427613555, -0.7191083709330857], [-0.7191083709330857, 0.6948979427613555]], "target": [0.9609320200526326, 0.2767844880725206], "inputs": [3, 3], "outputs": [3, 3], "time_start": null, "time_complete": null, "actions": null, "score": null}]}, {"name": "Towering Test (Pair)", "assignments": [[0, 1], [2, 3]], "tasks": [{"designers": [0, 1], "num_inputs": [1, 1], "num_outputs": [1, 1], "coupling": [[-0.825519425174001, -0.5643737047917691], [-0.5643737047917692, 0.8255194251740011]], "target": [0.9544749839525628, 0.298290973729939], "inputs": [0, 1], "outputs": [0, 1], "time_start": null, "time_complete": null, "actions": null, "score": null}, {"designers": [2, 3], "num_inputs": [1, 1], "num_outputs": [1, 1], "coupling": [[-0.820284373827142, -0.571955895200857], [-0.5719558952008569, 0.820284373827142]], "target": [-0.9859539693316945, -0.16701727563062396], "inputs": [2, 3], "outputs": [2, 3], "time_start": null, "time_complete": null, "actions": null, "score": null}]}, {"name": "Arrogant Flame (Individual)", "assignments": [[0], [1], [2], [3]], "tasks": [{"designers": [0], "num_inputs": [4], "num_outputs": [4], "coupling": [[-0.4663980991258025, 0.7418439259751503, -0.3971092853906421, 0.27284541059388734], [-0.5970226782417246, -0.009062146383469447, 0.7878721774686404, 0.1507953286372821], [-0.5434130067884252, -0.20115223388136477, -0.2666920736331769, -0.7701398708799172], [-0.3615785375960233, -0.6396274273365989, -0.3878620699276913, 0.556507619049453]], "target": [-0.5260105265266344, -0.3488496269348452, -0.3995699021668777, 0.6648012914043896], "inputs": [0, 0, 0, 0], "outputs": [0, 0, 0, 0], "time_start": null, "time_complete": null, "actions": null, "score": null}, {"designers": [1], "num_inputs": [4], "num_outputs": [4], "coupling": [[-0.3358512757183702, 0.48806754147685855, -0.7512822176871908, -0.2908075393487832], [-0.4375118437964437, -0.5561948412075007, -0.3930259293110408, 0.5871637795719281], [-0.7107944310635584, 0.42960224695254906, 0.5117406140671081, 0.21985160926536876], [-0.4365301637976595, -0.5175705584596358, 0.1386621512541451, -0.7227274319687483]], "target": [-0.6369698818361496, 0.03186520380592882, 0.34351066626793925, 0.689386974478199], "inputs": [1, 1, 1, 1], "outputs": [1, 1, 1, 1], "time_start": null, "time_complete": null, "actions": null, "score": null}, {"designers": [2], "num_inputs": [4], "num_outputs": [4], "coupling": [[-0.28119584487597765, -0.8981039894953274, -0.31404795245108796, -0.1253475346320812], [-0.2747521584059921, -0.08211750309003692, 0.10058910774538725, 0.952706564761938], [-0.7429512807809198, 0.42538828724322575, -0.5015302527243588, -0.12464190733660299], [-0.541722754424922, -0.07556947012589768, 0.7998269316336546, -0.24718938479768834]], "target": [0.8411414890132691, -0.32269694366233553, 0.4265379981775258, 0.08008129695651056], "inputs": [2, 2, 2, 2], "outputs": [2, 2, 2, 2], "time_start": null, "time_complete": null, "actions": null, "score": null}, {"designers": [3], "num_inputs": [4], "num_outputs": [4], "coupling": [[-0.4529714312653168, 0.1428788926553411, 0.8339336960882956, -0.2809930515502976], [-0.22502410839046783, -0.939280721274526, 0.11664453608793024, 0.23132213358412962], [-0.5581991126264201, -0.08946984006828454, -0.5070871581203115, -0.6505932004338035], [-0.6577193807115633, 0.2988854235217011, -0.18387837501678184, 0.6665294164880038]], "target": [0.2914153855811801, 0.7671795322180306, -0.45868295195910924, 0.3407676451401656], "inputs": [3, 3, 3, 3], "outputs": [3, 3, 3, 3], "time_start": null, "time_complete": null, "actions": null, "score": null}]}, {"name": "Husky Verse (Pair)", "assignments": [[0, 1], [2, 3]], "tasks": [{"designers": [0, 1], "num_inputs": [2, 2], "num_outputs": [2, 2], "coupling": [[-0.46398712982081336, 0.013728491193359997, 0.18113337499447774, -0.8670168235699395], [-0.4450016370287126, 0.07512799552506882, -0.890783555755845, 0.053235177515670626], [-0.6487723405342397, 0.4852915539534162, 0.3911226324424779, 0.43658864416114795], [-0.4071657359849109, -0.8710105742638364, 0.14393902754065727, 0.23417557368585198]], "target": [0.562357980998899, -0.04692813503073221, 0.723405960955437, -0.3977877160037999], "inputs": [0, 0, 1, 1], "outputs": [0, 0, 1, 1], "time_start": null, "time_complete": null, "actions": null, "score": null}, {"designers": [2, 3], "num_inputs": [2, 2], "num_outputs": [2, 2], "coupling": [[-0.5304841119363602, -0.4077888951383998, 0.029509763806251612, -0.7425792872313322], [-0.5106311703829227, -0.5297109576766263, -0.19742576155620223, 0.6478311337259356], [-0.4585840795207679, 0.6261410041232046, -0.629242887973956, -0.04124891392352431], [-0.4975369904103087, 0.4013252562133356, 0.7511362262920407, 0.16489193870685379]], "target": [0.056038050873504774, 0.23557641301692364, 0.27898520699807156, 0.9292635496782503], "inputs": [2, 2, 3, 3], "outputs": [2, 2, 3, 3], "time_start": null, "time_complete": null, "actions": null, "score": null}]}, {"name": "Impolite Heat (Individual)", "assignments": [[0], [1], [2], [3]], "tasks": [{"designers": [0], "num_inputs": [4], "num_outputs": [4], "coupling": [[-0.2765632531501628, 0.008561947871682074, -0.5554037674054126, 0.7841977526157009], [-0.4837062188656471, 0.22106444142152418, 0.7630076958378507, 0.36739360726869236], [-0.5697805850098274, 0.6126161222967388, -0.3271568763575286, -0.43934035769543217], [-0.6040622035714168, -0.7587876465057524, -0.04810706285019707, -0.23882184203006243]], "target": [-0.30253985644220194, 0.6171974530848677, 0.6573136530446393, 0.3089914249467055], "inputs": [0, 0, 0, 0], "outputs": [0, 0, 0, 0], "time_start": null, "time_complete": null, "actions": null, "score": null}, {"designers": [1], "num_inputs": [4], "num_outputs": [4], "coupling": [[-0.47361168364171213, 0.7565644535538592, 0.29981200120564333, 0.3367713833892083], [-0.6137472082039217, -0.06701293577151575, 0.0787593525668009, -0.7827008338084438], [-0.29203706990401423, 0.13448905386226334, -0.9388801623006637, 0.12300847544535548], [-0.560107746189814, -0.6364213921995922, 0.14971228792121646, 0.5087566756852385]], "target": [-0.36680049263269, -0.2457780612411876, 0.5520420667749701, 0.7073189519076655], "inputs": [1, 1, 1, 1], "outputs": [1, 1, 1, 1], "time_start": null, "time_complete": null, "actions": null, "score": null}, {"designers": [2], "num_inputs": [4], "num_outputs": [4], "coupling": [[-0.5785399782722913, -0.18659840301325617, 0.12508650791615397, -0.7841083439620707], [-0.5240371722262497, -0.6508900339408413, -0.20810984458079043, 0.5083478124573425], [-0.5600970558477749, 0.7145018811346956, -0.37718738985658534, 0.18305196753603006], [-0.27743075477759654, 0.1760973070900681, 0.8937411991505579, 0.30536631065014624]], "target": [0.8771905073878927, 0.23977560361319758, -0.15747153169366682, 0.38502881757934493], "inputs": [2, 2, 2, 2], "outputs": [2, 2, 2, 2], "time_start": null, "time_complete": null, "actions": null, "score": null}, {"designers": [3], "num_inputs": [4], "num_outputs": [4], "coupling": [[-0.6029341883796786, -0.31362119644733727, 0.1841151515572747, -0.7100800804056683], [-0.6142123308125287, 0.26362648430702784, 0.5133921551474474, 0.5382125829844712], [-0.43348701734084755, -0.4321779869431327, -0.6940214817746517, 0.3790057733518505], [-0.26702543503890047, 0.8033461330663377, -0.46996200786384684, -0.24993622925504227]], "target": [-0.3880132888163961, -0.6071829876205879, 0.6932996082351891, -0.010495735655701999], "inputs": [3, 3, 3, 3], "outputs": [3, 3, 3, 3], "time_start": null, "time_complete": null, "actions": null, "score": null}]}]}