{"name": "experiment002", "num_designers": 4, "error_tol": 0.05, "training": [{"name": "Training Task 1/5 (Individual)", "assignments": [[0], [1], [2], [3]], "tasks": [{"designers": [0], "num_inputs": [1], "num_outputs": [1], "coupling": [[1.0]], "target": [1.0], "inputs": [0], "outputs": [0], "time_start": null, "time_complete": null, "actions": null, "score": null}, {"designers": [1], "num_inputs": [1], "num_outputs": [1], "coupling": [[1.0]], "target": [-1.0], "inputs": [1], "outputs": [1], "time_start": null, "time_complete": null, "actions": null, "score": null}, {"designers": [2], "num_inputs": [1], "num_outputs": [1], "coupling": [[1.0]], "target": [-1.0], "inputs": [2], "outputs": [2], "time_start": null, "time_complete": null, "actions": null, "score": null}, {"designers": [3], "num_inputs": [1], "num_outputs": [1], "coupling": [[1.0]], "target": [-1.0], "inputs": [3], "outputs": [3], "time_start": null, "time_complete": null, "actions": null, "score": null}], "max_time": null}, {"name": "Training Task 2/5 (Individual)", "assignments": [[0], [1], [2], [3]], "tasks": [{"designers": [0], "num_inputs": [2], "num_outputs": [2], "coupling": [[-0.6397885981185288, -0.7685509415240651], [-0.7685509415240652, 0.6397885981185291]], "target": [-0.615829708472106, 0.7878792865427807], "inputs": [0, 0], "outputs": [0, 0], "time_start": null, "time_complete": null, "actions": null, "score": null}, {"designers": [1], "num_inputs": [2], "num_outputs": [2], "coupling": [[-0.6904414791217749, -0.7233882525367242], [-0.723388252536724, 0.6904414791217751]], "target": [-0.9812505682627508, -0.19273640622370514], "inputs": [1, 1], "outputs": [1, 1], "time_start": null, "time_complete": null, "actions": null, "score": null}, {"designers": [2], "num_inputs": [2], "num_outputs": [2], "coupling": [[-0.8219782915174272, -0.5695188217031034], [-0.5695188217031034, 0.8219782915174273]], "target": [0.4868348705887411, 0.8734940233217648], "inputs": [2, 2], "outputs": [2, 2], "time_start": null, "time_complete": null, "actions": null, "score": null}, {"designers": [3], "num_inputs": [2], "num_outputs": [2], "coupling": [[-0.422082083401677, -0.906557618064787], [-0.9065576180647872, 0.4220820834016768]], "target": [-0.6045660020630259, 0.7965550509221123], "inputs": [3, 3], "outputs": [3, 3], "time_start": null, "time_complete": null, "actions": null, "score": null}], "max_time": null}, {"name": "Training Task 3/5 (Pair)", "assignments": [[0, 1], [2, 3]], "tasks": [{"designers": [0, 1], "num_inputs": [1, 1], "num_outputs": [1, 1], "coupling": [[-1, 0], [0, 1]], "target": [-0.697176190461708, -0.7168998252568491], "inputs": [0, 1], "outputs": [0, 1], "time_start": null, "time_complete": null, "actions": null, "score": null}, {"designers": [2, 3], "num_inputs": [1, 1], "num_outputs": [1, 1], "coupling": [[-1, 0], [0, 1]], "target": [-0.9372248265934191, 0.348725715164419], "inputs": [2, 3], "outputs": [2, 3], "time_start": null, "time_complete": null, "actions": null, "score": null}], "max_time": null}, {"name": "Training Task 4/5 (Pair)", "assignments": [[0, 1], [2, 3]], "tasks": [{"designers": [0, 1], "num_inputs": [1, 1], "num_outputs": [1, 1], "coupling": [[-0.5101228669690976, -0.8601015408631871], [-0.8601015408631869, 0.5101228669690977]], "target": [0.20533310426344653, -0.9786921458219313], "inputs": [0, 1], "outputs": [0, 1], "time_start": null, "time_complete": null, "actions": null, "score": null}, {"designers": [2, 3], "num_inputs": [1, 1], "num_outputs": [1, 1], "coupling": [[-0.9173917460792868, -0.3979854070510599], [-0.39798540705105984, 0.9173917460792865]], "target": [0.914820532833369, -0.4038606104913809], "inputs": [2, 3], "outputs": [2, 3], "time_start": null, "time_complete": null, "actions": null, "score": null}], "max_time": null}, {"name": "Training Task 5/5 (Pair)", "assignments": [[0, 1], [2, 3]], "tasks": [{"designers": [0, 1], "num_inputs": [2, 1], "num_outputs": [2, 1], "coupling": [[-0.47755194242797494, -0.4972527721751506, -0.7243506214861668], [-0.7806035666367013, -0.1382504477631764, 0.6095448182433695], [-0.4032396483945117, 0.8565199905766406, -0.3221355176090678]], "target": [0.6737177199884432, -0.4056701885583508, -0.6176861111346165], "inputs": [0, 0, 1], "outputs": [0, 0, 1], "time_start": null, "time_complete": null, "actions": null, "score": null}, {"designers": [2, 3], "num_inputs": [2, 1], "num_outputs": [2, 1], "coupling": [[-0.6841373088210261, 0.5549189085424, -0.47330872337327057], [-0.40839626446120797, -0.8291293618476622, -0.3817813412101479], [-0.6042918449336001, -0.06789334477104556, 0.7938651396065616]], "target": [-0.4089024991183905, 0.06382347994168475, 0.91034351188047], "inputs": [2, 2, 3], "outputs": [2, 2, 3], "time_start": null, "time_complete": null, "actions": null, "score": null}], "max_time": null}], "rounds": [{"name": "Economic Motion (Individual)", "assignments": [[0], [1], [2], [3]], "tasks": [{"designers": [0], "num_inputs": [2], "num_outputs": [2], "coupling": [[-0.8800004926903299, -0.47497277065614685], [-0.4749727706561469, 0.88000049269033]], "target": [-0.6561475535226371, 0.7546326179050691], "inputs": [0, 0], "outputs": [0, 0], "time_start": null, "time_complete": null, "actions": null, "score": null}, {"designers": [1], "num_inputs": [2], "num_outputs": [2], "coupling": [[-0.7136282985349375, -0.7005245545518946], [-0.7005245545518944, 0.7136282985349375]], "target": [0.9628699791079427, 0.2699655595306011], "inputs": [1, 1], "outputs": [1, 1], "time_start": null, "time_complete": null, "actions": null, "score": null}, {"designers": [2], "num_inputs": [2], "num_outputs": [2], "coupling": [[-0.04221139304421754, -0.99910870194252], [-0.9991087019425199, 0.04221139304421741]], "target": [-0.7676883335953091, -0.6408233941279435], "inputs": [2, 2], "outputs": [2, 2], "time_start": null, "time_complete": null, "actions": null, "score": null}, {"designers": [3], "num_inputs": [2], "num_outputs": [2], "coupling": [[-0.5080985321400905, -0.8612989502124594], [-0.8612989502124595, 0.5080985321400907]], "target": [-0.05186830138334653, 0.9986539337085728], "inputs": [3, 3], "outputs": [3, 3], "time_start": null, "time_complete": null, "actions": null, "score": null}], "max_time": 120000}, {"name": "Hallowed Sign (Pair)", "assignments": [[1, 0], [3, 2]], "tasks": [{"designers": [1, 0], "num_inputs": [2, 1], "num_outputs": [2, 1], "coupling": [[-0.5894854470921217, 0.7027335657637749, -0.39833709746335577], [-0.5084977199469288, -0.7059843737053484, -0.4929666650927231], [-0.6276439886395597, -0.08804316914330203, 0.7735059300948042]], "target": [-0.18821695498023128, 0.5122317948074622, -0.8379695497130525], "inputs": [1, 1, 0], "outputs": [1, 1, 0], "time_start": null, "time_complete": null, "actions": null, "score": null}, {"designers": [3, 2], "num_inputs": [2, 1], "num_outputs": [2, 1], "coupling": [[-0.38968140170056376, 0.2006666583455195, 0.8988221722883382], [-0.6986325676566906, 0.5714903507988985, -0.4304780068170405], [-0.6000507816661056, -0.7956957151902946, -0.08250689819464341]], "target": [-0.543970821309957, 0.11825927692149132, 0.83072889018342], "inputs": [3, 3, 2], "outputs": [3, 3, 2], "time_start": null, "time_complete": null, "actions": null, "score": null}], "max_time": 600000}, {"name": "Absorbed Copper (Pair)", "assignments": [[1, 0], [3, 2]], "tasks": [{"designers": [1, 0], "num_inputs": [2, 1], "num_outputs": [2, 1], "coupling": [[-0.8108629568881054, 0.41829253799241944, -0.4093074856468405], [-0.5505285575981326, -0.7824570418293797, 0.2909970531818762], [-0.1985436284940861, 0.4612941906760548, 0.8647474181707199]], "target": [0.7473549873171395, 0.422808636769902, 0.5125362227247704], "inputs": [1, 1, 0], "outputs": [1, 1, 0], "time_start": null, "time_complete": null, "actions": null, "score": null}, {"designers": [3, 2], "num_inputs": [2, 1], "num_outputs": [2, 1], "coupling": [[-0.6928584572471499, 0.057619404154839925, -0.7187678084652515], [-0.31836170602103775, -0.9188309473311822, 0.23322845959671465], [-0.6469876214893708, 0.39042245643830886, 0.6549636044454707]], "target": [-0.5479742036740964, -0.7396985816516052, 0.39060245827483425], "inputs": [3, 3, 2], "outputs": [3, 3, 2], "time_start": null, "time_complete": null, "actions": null, "score": null}], "max_time": 600000}, {"name": "Better Behavior (Pair)", "assignments": [[0, 1], [2, 3]], "tasks": [{"designers": [0, 1], "num_inputs": [2, 1], "num_outputs": [2, 1], "coupling": [[-0.6597623737301581, 0.6571715828898613, 0.36447101510542734], [-0.4782497419755564, 0.006917576008581499, -0.8781966359776601], [-0.5796471293039072, -0.7537092660862005, 0.3097281835828637]], "target": [0.18907321138315036, 0.626369561589137, 0.7562489623476484], "inputs": [0, 0, 1], "outputs": [0, 0, 1], "time_start": null, "time_complete": null, "actions": null, "score": null}, {"designers": [2, 3], "num_inputs": [2, 1], "num_outputs": [2, 1], "coupling": [[-0.8537395492815867, -0.40609689321934034, -0.3259050403262786], [-0.2917360033296514, -0.14538250837662392, 0.9453856517947383], [-0.4312990683432035, 0.9021913541902965, 0.00564571258248703]], "target": [-0.5361713506523609, 0.7258576525436996, -0.43087231401352855], "inputs": [2, 2, 3], "outputs": [2, 2, 3], "time_start": null, "time_complete": null, "actions": null, "score": null}], "max_time": 600000}, {"name": "Flat Sleep (Individual)", "assignments": [[0], [1], [2], [3]], "tasks": [{"designers": [0], "num_inputs": [2], "num_outputs": [2], "coupling": [[-0.9395677702825186, -0.34236297265670673], [-0.3423629726567069, 0.9395677702825183]], "target": [0.8350519157602048, -0.550171153356128], "inputs": [0, 0], "outputs": [0, 0], "time_start": null, "time_complete": null, "actions": null, "score": null}, {"designers": [1], "num_inputs": [2], "num_outputs": [2], "coupling": [[-0.9448145192395425, -0.3276057451177438], [-0.32760574511774393, 0.9448145192395424]], "target": [0.7093063545324725, 0.7049003443181556], "inputs": [1, 1], "outputs": [1, 1], "time_start": null, "time_complete": null, "actions": null, "score": null}, {"designers": [2], "num_inputs": [2], "num_outputs": [2], "coupling": [[-0.9955068954124076, -0.0946890763834447], [-0.0946890763834447, 0.9955068954124076]], "target": [-0.7086722225142039, -0.7055378664797364], "inputs": [2, 2], "outputs": [2, 2], "time_start": null, "time_complete": null, "actions": null, "score": null}, {"designers": [3], "num_inputs": [2], "num_outputs": [2], "coupling": [[-0.7634370496175124, -0.6458822425731398], [-0.6458822425731398, 0.7634370496175122]], "target": [-0.9321667764117627, 0.3620291437910802], "inputs": [3, 3], "outputs": [3, 3], "time_start": null, "time_complete": null, "actions": null, "score": null}], "max_time": 120000}, {"name": "Thinkable Ink (Pair)", "assignments": [[0, 1], [2, 3]], "tasks": [{"designers": [0, 1], "num_inputs": [1, 1], "num_outputs": [1, 1], "coupling": [[-0.7007746053718127, -0.7133827531318523], [-0.7133827531318523, 0.7007746053718124]], "target": [0.3343367277768843, -0.9424536871695318], "inputs": [0, 1], "outputs": [0, 1], "time_start": null, "time_complete": null, "actions": null, "score": null}, {"designers": [2, 3], "num_inputs": [1, 1], "num_outputs": [1, 1], "coupling": [[0.06506276962368192, 0.9978811732911368], [0.9978811732911367, -0.06506276962368186]], "target": [-0.6335312018809236, -0.7737171422705538], "inputs": [2, 3], "outputs": [2, 3], "time_start": null, "time_complete": null, "actions": null, "score": null}], "max_time": 180000}, {"name": "Noiseless Stone (Individual)", "assignments": [[0], [1], [2], [3]], "tasks": [{"designers": [0], "num_inputs": [3], "num_outputs": [3], "coupling": [[-0.6822324529757826, 0.6971019031279911, 0.22047180491386942], [-0.21399268359667867, 0.09795737808187785, -0.9719112528654124], [-0.6991180239943314, -0.7102487513080589, 0.08234500465483528]], "target": [0.15810541907245312, 0.7303052922327743, 0.6645726872184309], "inputs": [0, 0, 0], "outputs": [0, 0, 0], "time_start": null, "time_complete": null, "actions": null, "score": null}, {"designers": [1], "num_inputs": [3], "num_outputs": [3], "coupling": [[-0.6704130771793112, -0.5031907979410172, -0.545293798620935], [-0.5741922724688923, -0.11362808578674359, 0.8107970722427711], [-0.46994631627875966, 0.8566724455636021, -0.21275051310890206]], "target": [-0.17265274705128042, 0.38739696987327366, 0.9056017980705717], "inputs": [1, 1, 1], "outputs": [1, 1, 1], "time_start": null, "time_complete": null, "actions": null, "score": null}, {"designers": [2], "num_inputs": [3], "num_outputs": [3], "coupling": [[-0.4598053229250521, 0.8530972998908485, -0.24658479662933788], [-0.7460664412288966, -0.52171403997582, -0.4137624025502529], [-0.48162633885807854, -0.006281513436463306, 0.8763541591771622]], "target": [0.5238160222311086, 0.40671424641179765, 0.7484652941985103], "inputs": [2, 2, 2], "outputs": [2, 2, 2], "time_start": null, "time_complete": null, "actions": null, "score": null}, {"designers": [3], "num_inputs": [3], "num_outputs": [3], "coupling": [[-0.6325058261079093, 0.416275485522712, -0.653185348957233], [-0.4936567148723374, -0.8664869529413849, -0.07418495968729813], [-0.5968579628362208, 0.2755269143571725, 0.7535552346469447]], "target": [0.6575538397875622, 0.6988132228827736, 0.28157241929000093], "inputs": [3, 3, 3], "outputs": [3, 3, 3], "time_start": null, "time_complete": null, "actions": null, "score": null}], "max_time": 240000}, {"name": "Staking System (Pair)", "assignments": [[0, 1], [2, 3]], "tasks": [{"designers": [0, 1], "num_inputs": [1, 1], "num_outputs": [1, 1], "coupling": [[-0.9178759985913131, -0.3968672967252402], [-0.3968672967252403, 0.9178759985913132]], "target": [0.9450181922735261, -0.32701776140154337], "inputs": [0, 1], "outputs": [0, 1], "time_start": null, "time_complete": null, "actions": null, "score": null}, {"designers": [2, 3], "num_inputs": [1, 1], "num_outputs": [1, 1], "coupling": [[-0.627521871986215, -0.7785989340982405], [-0.7785989340982407, 0.6275218719862149]], "target": [0.5449516550043803, -0.8384674672925523], "inputs": [2, 3], "outputs": [2, 3], "time_start": null, "time_complete": null, "actions": null, "score": null}], "max_time": 180000}, {"name": "Impolite Heat (Individual)", "assignments": [[0], [1], [2], [3]], "tasks": [{"designers": [0], "num_inputs": [4], "num_outputs": [4], "coupling": [[-0.46826840237446954, 0.009168478424539297, 0.8399928794340953, -0.27395730477769314], [-0.6274841608574717, -0.2726274842791099, -0.11176672361314942, 0.7207260798537962], [-0.506361552227721, -0.31850997609947185, -0.4864830398844263, -0.6367759617443605], [-0.36136727803744323, 0.9078224435120213, -0.21273084848607798, -0.004205653583711637]], "target": [-0.0009277626065311573, 0.5100006766421774, -0.6510514643289276, -0.5621658473050689], "inputs": [0, 0, 0, 0], "outputs": [0, 0, 0, 0], "time_start": null, "time_complete": null, "actions": null, "score": null}, {"designers": [1], "num_inputs": [4], "num_outputs": [4], "coupling": [[-0.5685672647966409, -0.06990648596813405, -0.5751146669150603, -0.5840269416049512], [-0.29722238435164633, -0.5334720850945781, 0.7115591804026665, -0.3474908940531408], [-0.5162815312842477, -0.4193676095591037, -0.17563421662470577, 0.7257663607925774], [-0.5673125241846696, 0.7311986226034031, 0.3634271242415609, 0.10689153180497596]], "target": [0.0576413202887196, 0.5497257853076433, 0.6744800083825867, 0.489444335400354], "inputs": [1, 1, 1, 1], "outputs": [1, 1, 1, 1], "time_start": null, "time_complete": null, "actions": null, "score": null}, {"designers": [2], "num_inputs": [4], "num_outputs": [4], "coupling": [[-0.512706158159867, 0.7109036346285545, 0.19502185934766117, -0.44013053976455646], [-0.5240680855243186, -0.49602689148947565, -0.5419334911816703, -0.4308341395360974], [-0.440757871854035, 0.2615668493695774, -0.4120763691584937, 0.7533314992025272], [-0.5178972248608079, -0.4244480280341401, 0.7060224015520895, 0.2305617151350655]], "target": [0.65024116423155, -0.2648200296029193, -0.4732837109246666, 0.532033184334665], "inputs": [2, 2, 2, 2], "outputs": [2, 2, 2, 2], "time_start": null, "time_complete": null, "actions": null, "score": null}, {"designers": [3], "num_inputs": [4], "num_outputs": [4], "coupling": [[-0.7061252843625511, -0.17859435989710826, 0.36811257938037434, -0.5779137187321096], [-0.3347210112442143, -0.42078583671646563, -0.8431472520135549, 0.001958487290087278], [-0.20462849311090595, 0.876928597798519, -0.35698638938018235, -0.24836290376701692], [-0.5894710401900303, 0.14845729552598486, 0.16172989247884823, 0.7773852108582812]], "target": [-0.08113500738901713, -0.8355329894641488, 0.016059744413061572, -0.5431793614474638], "inputs": [3, 3, 3, 3], "outputs": [3, 3, 3, 3], "time_start": null, "time_complete": null, "actions": null, "score": null}], "max_time": 600000}, {"name": "Unwritten Experience (Individual)", "assignments": [[0], [1], [2], [3]], "tasks": [{"designers": [0], "num_inputs": [3], "num_outputs": [3], "coupling": [[-0.3625983736514101, 0.8789864111855041, -0.309685822046442], [-0.4650165804187024, -0.4586228484019611, -0.7572480854114906], [-0.8076397707895822, -0.13056788224865928, 0.575039154113919]], "target": [-0.9208797476370274, -0.2758737397808787, 0.27545266397563967], "inputs": [0, 0, 0], "outputs": [0, 0, 0], "time_start": null, "time_complete": null, "actions": null, "score": null}, {"designers": [1], "num_inputs": [3], "num_outputs": [3], "coupling": [[-0.43389720845610197, -0.5724415261182113, -0.6957326438147451], [-0.5151581044102873, -0.4758911397099758, 0.7128392179208014], [-0.7391517705819296, 0.6677112566978284, -0.08841005443163846]], "target": [-0.432393847220387, -0.7928736512327824, 0.4294029972726649], "inputs": [1, 1, 1], "outputs": [1, 1, 1], "time_start": null, "time_complete": null, "actions": null, "score": null}, {"designers": [2], "num_inputs": [3], "num_outputs": [3], "coupling": [[-0.7068741621167938, -0.23241929381171234, -0.6680645109536544], [-0.23129752992443703, -0.8166029240507587, 0.5288299510075098], [-0.6684537168589421, 0.528337899734456, 0.5234774991550729]], "target": [0.9182166889831396, 0.31276821377657793, -0.24301060989975168], "inputs": [2, 2, 2], "outputs": [2, 2, 2], "time_start": null, "time_complete": null, "actions": null, "score": null}, {"designers": [3], "num_inputs": [3], "num_outputs": [3], "coupling": [[-0.48731494137998554, -0.5019609519830898, -0.7145343592802598], [-0.736294053646904, -0.20371823030165118, 0.6452673470794671], [-0.46946268698591104, 0.840555819280905, -0.2703159266506046]], "target": [-0.6064035610152143, 0.009409047209114955, -0.7951013715361607], "inputs": [3, 3, 3], "outputs": [3, 3, 3], "time_start": null, "time_complete": null, "actions": null, "score": null}], "max_time": 240000}, {"name": "Husky Verse (Pair)", "assignments": [[0, 1], [2, 3]], "tasks": [{"designers": [0, 1], "num_inputs": [2, 2], "num_outputs": [2, 2], "coupling": [[-0.5176893415511082, -0.4796463394930889, 0.6910560561093657, 0.1561366772088781], [-0.48420135460650215, -0.4289060638246297, -0.7183038316971887, 0.25618009676949494], [-0.5942280829738985, 0.3236925509649935, -0.054587220719396576, -0.7342590504645296], [-0.3800523375099467, 0.6936873286107498, 0.05917235856239962, 0.6089800841244893]], "target": [-0.4494546919040736, 0.5848953446949099, -0.15436891780093034, 0.6573113059248308], "inputs": [0, 0, 1, 1], "outputs": [0, 0, 1, 1], "time_start": null, "time_complete": null, "actions": null, "score": null}, {"designers": [2, 3], "num_inputs": [2, 2], "num_outputs": [2, 2], "coupling": [[-0.5094631021713516, 0.3835660009313898, -0.6952217188075704, -0.3316492607464867], [-0.5676024289403323, -0.8225030263912706, -0.02556724669801091, -0.025740437729745796], [-0.25497070390130616, 0.15208489135992456, -0.17689634331415255, 0.9383857467450121], [-0.594360808212529, 0.3914538035665786, 0.696218903303129, -0.09369305213086068]], "target": [-0.17994303461280436, -0.6635268795071924, 0.43074283030219596, -0.584647927054425], "inputs": [2, 2, 3, 3], "outputs": [2, 2, 3, 3], "time_start": null, "time_complete": null, "actions": null, "score": null}], "max_time": 1200000}, {"name": "Towering Test (Pair)", "assignments": [[0, 1], [2, 3]], "tasks": [{"designers": [0, 1], "num_inputs": [1, 1], "num_outputs": [1, 1], "coupling": [[-0.6537795367813258, -0.7566850846197479], [-0.7566850846197479, 0.6537795367813258]], "target": [-0.486302508392775, -0.873790518563171], "inputs": [0, 1], "outputs": [0, 1], "time_start": null, "time_complete": null, "actions": null, "score": null}, {"designers": [2, 3], "num_inputs": [1, 1], "num_outputs": [1, 1], "coupling": [[-0.3434566134368495, -0.9391685443446719], [-0.9391685443446719, 0.3434566134368496]], "target": [0.5944605275094621, 0.8041247920771827], "inputs": [2, 3], "outputs": [2, 3], "time_start": null, "time_complete": null, "actions": null, "score": null}], "max_time": 180000}]}