{"name": "experiment010", "num_designers": 4, "error_tol": 0.05, "training": [{"name": "Training Task 1/5 (Individual)", "assignments": [[0], [1], [2], [3]], "tasks": [{"designers": [0], "num_inputs": [1], "num_outputs": [1], "coupling": [[1.0]], "target": [1.0], "inputs": [0], "outputs": [0], "time_start": null, "time_complete": null, "actions": null, "score": null}, {"designers": [1], "num_inputs": [1], "num_outputs": [1], "coupling": [[1.0]], "target": [-1.0], "inputs": [1], "outputs": [1], "time_start": null, "time_complete": null, "actions": null, "score": null}, {"designers": [2], "num_inputs": [1], "num_outputs": [1], "coupling": [[1.0]], "target": [-1.0], "inputs": [2], "outputs": [2], "time_start": null, "time_complete": null, "actions": null, "score": null}, {"designers": [3], "num_inputs": [1], "num_outputs": [1], "coupling": [[1.0]], "target": [-1.0], "inputs": [3], "outputs": [3], "time_start": null, "time_complete": null, "actions": null, "score": null}], "max_time": 90000}, {"name": "Training Task 2/5 (Individual)", "assignments": [[0], [1], [2], [3]], "tasks": [{"designers": [0], "num_inputs": [2], "num_outputs": [2], "coupling": [[-0.36918653210315505, -0.9293553166112762], [-0.9293553166112762, 0.36918653210315533]], "target": [0.6990878670943876, -0.7150357711900993], "inputs": [0, 0], "outputs": [0, 0], "time_start": null, "time_complete": null, "actions": null, "score": null}, {"designers": [1], "num_inputs": [2], "num_outputs": [2], "coupling": [[-0.6283821371327163, -0.7779048076291343], [-0.7779048076291343, 0.6283821371327163]], "target": [0.22998584507768505, 0.9731939740174632], "inputs": [1, 1], "outputs": [1, 1], "time_start": null, "time_complete": null, "actions": null, "score": null}, {"designers": [2], "num_inputs": [2], "num_outputs": [2], "coupling": [[-0.6314471809120243, -0.7754188917728643], [-0.7754188917728643, 0.6314471809120245]], "target": [0.8232740679609261, 0.5676440865745619], "inputs": [2, 2], "outputs": [2, 2], "time_start": null, "time_complete": null, "actions": null, "score": null}, {"designers": [3], "num_inputs": [2], "num_outputs": [2], "coupling": [[-0.6613749959262206, -0.7500554077957112], [-0.7500554077957114, 0.6613749959262208]], "target": [0.3828560341606122, 0.923808019615985], "inputs": [3, 3], "outputs": [3, 3], "time_start": null, "time_complete": null, "actions": null, "score": null}], "max_time": 120000}, {"name": "Training Task 3/5 (Pair)", "assignments": [[0, 1], [2, 3]], "tasks": [{"designers": [0, 1], "num_inputs": [1, 1], "num_outputs": [1, 1], "coupling": [[-1, 0], [0, -1]], "target": [-0.7744395734721343, -0.6326478855100195], "inputs": [0, 1], "outputs": [0, 1], "time_start": null, "time_complete": null, "actions": null, "score": null}, {"designers": [2, 3], "num_inputs": [1, 1], "num_outputs": [1, 1], "coupling": [[-1, 0], [0, -1]], "target": [0.8439079907137115, 0.5364879338899863], "inputs": [2, 3], "outputs": [2, 3], "time_start": null, "time_complete": null, "actions": null, "score": null}], "max_time": 270000}, {"name": "Training Task 4/5 (Pair)", "assignments": [[0, 1], [2, 3]], "tasks": [{"designers": [0, 1], "num_inputs": [1, 1], "num_outputs": [1, 1], "coupling": [[-0.5891435058677927, -0.8080284212166094], [-0.8080284212166093, 0.5891435058677925]], "target": [-0.32341388133502846, -0.9462576083497622], "inputs": [0, 1], "outputs": [0, 1], "time_start": null, "time_complete": null, "actions": null, "score": null}, {"designers": [2, 3], "num_inputs": [1, 1], "num_outputs": [1, 1], "coupling": [[-0.6636858052752423, -0.7480114650699901], [-0.7480114650699901, 0.6636858052752426]], "target": [-0.08538597195249942, -0.9963479491591914], "inputs": [2, 3], "outputs": [2, 3], "time_start": null, "time_complete": null, "actions": null, "score": null}], "max_time": 270000}, {"name": "Training Task 5/5 (Pair)", "assignments": [[0, 1], [2, 3]], "tasks": [{"designers": [0, 1], "num_inputs": [2, 1], "num_outputs": [2, 1], "coupling": [[-0.5207254613115745, 0.8255748541487856, 0.21741930489048025], [-0.28561800752077987, 0.07152910267841922, -0.9556704145519417], [-0.8045292708918105, -0.5597407861387549, 0.19855201991181187]], "target": [-0.591205859145483, -0.5862738686566823, -0.5538579087115926], "inputs": [0, 0, 1], "outputs": [0, 0, 1], "time_start": null, "time_complete": null, "actions": null, "score": null}, {"designers": [2, 3], "num_inputs": [2, 1], "num_outputs": [2, 1], "coupling": [[-0.5517186977616688, 0.7782527381417402, 0.29988190027917944], [-0.5427168821700189, -0.06198284474873757, -0.8376255206024391], [-0.6332968216782883, -0.6248846313774548, 0.4565679939729027]], "target": [-0.58742736323584, -0.7711836606933712, 0.24536677525973252], "inputs": [2, 2, 3], "outputs": [2, 2, 3], "time_start": null, "time_complete": null, "actions": null, "score": null}], "max_time": 540000}], "rounds": [{"name": "Flat Sleep (Individual)", "assignments": [[0], [1], [2], [3]], "tasks": [{"designers": [0], "num_inputs": [2], "num_outputs": [2], "coupling": [[-0.674570451837302, -0.7382104750733478], [-0.7382104750733478, 0.6745704518373022]], "target": [-0.46884834885707805, -0.8832786795649443], "inputs": [0, 0], "outputs": [0, 0], "time_start": null, "time_complete": null, "actions": null, "score": null}, {"designers": [1], "num_inputs": [2], "num_outputs": [2], "coupling": [[-0.8666270949102293, -0.4989563892440457], [-0.4989563892440458, 0.8666270949102296]], "target": [-0.8194180132234783, 0.5731964057850394], "inputs": [1, 1], "outputs": [1, 1], "time_start": null, "time_complete": null, "actions": null, "score": null}, {"designers": [2], "num_inputs": [2], "num_outputs": [2], "coupling": [[0.5866293844767972, 0.8098555212310241], [0.8098555212310242, -0.5866293844767974]], "target": [0.047591665403841965, -0.9988668747055781], "inputs": [2, 2], "outputs": [2, 2], "time_start": null, "time_complete": null, "actions": null, "score": null}, {"designers": [3], "num_inputs": [2], "num_outputs": [2], "coupling": [[-0.8756529502801944, -0.48294089769410875], [-0.4829408976941088, 0.8756529502801943]], "target": [0.9997194508863243, -0.02368585061900193], "inputs": [3, 3], "outputs": [3, 3], "time_start": null, "time_complete": null, "actions": null, "score": null}], "max_time": 120000}, {"name": "Economic Motion (Individual)", "assignments": [[0], [1], [2], [3]], "tasks": [{"designers": [0], "num_inputs": [2], "num_outputs": [2], "coupling": [[-0.7615348357065459, -0.6481239804276687], [-0.6481239804276687, 0.7615348357065457]], "target": [0.9660585784494369, 0.2583230980850406], "inputs": [0, 0], "outputs": [0, 0], "time_start": null, "time_complete": null, "actions": null, "score": null}, {"designers": [1], "num_inputs": [2], "num_outputs": [2], "coupling": [[-0.5395034393870642, -0.8419833958514436], [-0.8419833958514434, 0.5395034393870642]], "target": [-0.19808586272463158, -0.9801846718800691], "inputs": [1, 1], "outputs": [1, 1], "time_start": null, "time_complete": null, "actions": null, "score": null}, {"designers": [2], "num_inputs": [2], "num_outputs": [2], "coupling": [[-0.6892119175767696, -0.7245598199390799], [-0.72455981993908, 0.6892119175767696]], "target": [0.925355427056459, -0.37910069060496115], "inputs": [2, 2], "outputs": [2, 2], "time_start": null, "time_complete": null, "actions": null, "score": null}, {"designers": [3], "num_inputs": [2], "num_outputs": [2], "coupling": [[-0.6190127005318831, -0.7853809754381791], [-0.7853809754381791, 0.6190127005318827]], "target": [0.8762341496298092, 0.48188558291624023], "inputs": [3, 3], "outputs": [3, 3], "time_start": null, "time_complete": null, "actions": null, "score": null}], "max_time": 120000}, {"name": "Unwritten Experience (Individual)", "assignments": [[0], [1], [2], [3]], "tasks": [{"designers": [0], "num_inputs": [3], "num_outputs": [3], "coupling": [[-0.7024011842670457, 0.14835020060478118, -0.6961499797606638], [-0.48248267667768513, -0.818286772327624, 0.3124375536640477], [-0.5233001462317661, 0.5553368133071672, 0.6463419998264481]], "target": [0.850984024646769, 0.5142825331636701, -0.10648786728423898], "inputs": [0, 0, 0], "outputs": [0, 0, 0], "time_start": null, "time_complete": null, "actions": null, "score": null}, {"designers": [1], "num_inputs": [3], "num_outputs": [3], "coupling": [[-0.6132177458762507, 0.4529430180244723, -0.6471527011187798], [-0.37270773542911423, -0.8882481738625453, -0.2685221137656179], [-0.6964574215942791, 0.0765362923895364, 0.7135049094810153]], "target": [-0.29870822738993685, 0.13398817129695467, -0.944891827058558], "inputs": [1, 1, 1], "outputs": [1, 1, 1], "time_start": null, "time_complete": null, "actions": null, "score": null}, {"designers": [2], "num_inputs": [3], "num_outputs": [3], "coupling": [[-0.5720856386701493, 0.4566600393288884, -0.6813072952108367], [-0.4364368107255452, -0.8727915894445053, -0.21853546997832882], [-0.6944356934022633, 0.17232657913123148, 0.6986147850237963]], "target": [-0.5773155767499267, 0.16448702702598553, -0.7997816844502329], "inputs": [2, 2, 2], "outputs": [2, 2, 2], "time_start": null, "time_complete": null, "actions": null, "score": null}, {"designers": [3], "num_inputs": [3], "num_outputs": [3], "coupling": [[-0.5905976470188707, 0.7881935441040571, -0.17304726628426953], [-0.32290235549552615, -0.4273519113605627, -0.8444550980791781], [-0.7395461365940696, -0.44285582404340007, 0.5069025852761323]], "target": [0.47841411101155606, -0.7959721337869183, 0.37087504717859204], "inputs": [3, 3, 3], "outputs": [3, 3, 3], "time_start": null, "time_complete": null, "actions": null, "score": null}], "max_time": 240000}, {"name": "Noiseless Stone (Individual)", "assignments": [[0], [1], [2], [3]], "tasks": [{"designers": [0], "num_inputs": [3], "num_outputs": [3], "coupling": [[-0.5054893191288579, -0.6472255171017065, -0.5705958975133558], [-0.4620437454398902, -0.35544979221610357, 0.8125090907266248], [-0.7286948096058606, 0.6743549326771158, -0.1193704286141301]], "target": [0.5055430066079774, 0.6965301695134455, -0.5091875798046699], "inputs": [0, 0, 0], "outputs": [0, 0, 0], "time_start": null, "time_complete": null, "actions": null, "score": null}, {"designers": [1], "num_inputs": [3], "num_outputs": [3], "coupling": [[-0.6114249246985441, 0.47574846657367503, -0.6323155525607267], [-0.35146375836114296, -0.8792097264238228, -0.321657400848181], [-0.7089659991960408, 0.02556664848086748, 0.7047790848694474]], "target": [-0.18852517421535508, -0.6292121288567712, -0.754022781875057], "inputs": [1, 1, 1], "outputs": [1, 1, 1], "time_start": null, "time_complete": null, "actions": null, "score": null}, {"designers": [2], "num_inputs": [3], "num_outputs": [3], "coupling": [[-0.3505974825543912, 0.9362433734197362, -0.02301631930078765], [-0.662059988626213, -0.2651559255969638, -0.7009771084572423], [-0.6623880861600565, -0.23052262545886895, 0.7128122771563126]], "target": [-0.21955342136745126, 0.5338383980932089, 0.8165861007187931], "inputs": [2, 2, 2], "outputs": [2, 2, 2], "time_start": null, "time_complete": null, "actions": null, "score": null}, {"designers": [3], "num_inputs": [3], "num_outputs": [3], "coupling": [[-0.09499065867148641, -0.9748699857730021, 0.20150753237560104], [-0.1418391491536054, 0.21361197782012206, 0.9665669033745968], [-0.9853214858778522, 0.06323316986141408, -0.15856587179068243]], "target": [-0.28540484529044874, 0.7213005325893213, -0.6310860606693008], "inputs": [3, 3, 3], "outputs": [3, 3, 3], "time_start": null, "time_complete": null, "actions": null, "score": null}], "max_time": 240000}, {"name": "Staking System (Pair)", "assignments": [[0, 1], [2, 3]], "tasks": [{"designers": [0, 1], "num_inputs": [1, 1], "num_outputs": [1, 1], "coupling": [[-0.5798454505125775, -0.8147264900074537], [-0.8147264900074538, 0.579845450512578]], "target": [-0.9932059374774238, -0.11636995213366876], "inputs": [0, 1], "outputs": [0, 1], "time_start": null, "time_complete": null, "actions": null, "score": null}, {"designers": [2, 3], "num_inputs": [1, 1], "num_outputs": [1, 1], "coupling": [[-0.7729691521612128, -0.6344436064830155], [-0.6344436064830152, 0.772969152161213]], "target": [0.2664858931559433, 0.9638388188638595], "inputs": [2, 3], "outputs": [2, 3], "time_start": null, "time_complete": null, "actions": null, "score": null}], "max_time": 180000}, {"name": "Towering Test (Pair)", "assignments": [[0, 1], [2, 3]], "tasks": [{"designers": [0, 1], "num_inputs": [1, 1], "num_outputs": [1, 1], "coupling": [[-0.7094629376883477, -0.7047427474239234], [-0.7047427474239233, 0.7094629376883476]], "target": [-0.5450508071965912, 0.838403016200648], "inputs": [0, 1], "outputs": [0, 1], "time_start": null, "time_complete": null, "actions": null, "score": null}, {"designers": [2, 3], "num_inputs": [1, 1], "num_outputs": [1, 1], "coupling": [[-0.8131459625675495, -0.5820598281620998], [-0.5820598281620998, 0.8131459625675496]], "target": [-0.9999231618871518, 0.01239638340810322], "inputs": [2, 3], "outputs": [2, 3], "time_start": null, "time_complete": null, "actions": null, "score": null}], "max_time": 180000}, {"name": "Thinkable Ink (Pair)", "assignments": [[0, 1], [2, 3]], "tasks": [{"designers": [0, 1], "num_inputs": [1, 1], "num_outputs": [1, 1], "coupling": [[-0.5064400197702541, -0.862275191789202], [-0.8622751917892019, 0.506440019770254]], "target": [0.919749019154426, 0.39250699581596216], "inputs": [0, 1], "outputs": [0, 1], "time_start": null, "time_complete": null, "actions": null, "score": null}, {"designers": [2, 3], "num_inputs": [1, 1], "num_outputs": [1, 1], "coupling": [[-0.871247013213394, -0.49084482473256225], [-0.49084482473256225, 0.8712470132133942]], "target": [0.23786876260460144, 0.9712973034951532], "inputs": [2, 3], "outputs": [2, 3], "time_start": null, "time_complete": null, "actions": null, "score": null}], "max_time": 180000}, {"name": "Better Behavior (Pair)", "assignments": [[0, 1], [2, 3]], "tasks": [{"designers": [0, 1], "num_inputs": [2, 1], "num_outputs": [2, 1], "coupling": [[-0.6797549982221869, -0.15397966367069996, 0.7170937216067451], [-0.5300328587521768, 0.7789227895475607, -0.3351782459624161], [-0.50695000841794, -0.607922323244759, -0.6110909407492027]], "target": [-0.6713255434269043, 0.695581371276656, -0.2559073478340515], "inputs": [0, 0, 1], "outputs": [0, 0, 1], "time_start": null, "time_complete": null, "actions": null, "score": null}, {"designers": [2, 3], "num_inputs": [2, 1], "num_outputs": [2, 1], "coupling": [[-0.46586639319397427, 0.826702503266016, -0.3154860928569443], [-0.5949127129159071, -0.5565603748526455, -0.5799305244207432], [-0.6550170743602596, -0.08248345432621686, 0.751098603419645]], "target": [0.7667658706181402, 0.5250350847229367, -0.3693348879610267], "inputs": [2, 2, 3], "outputs": [2, 2, 3], "time_start": null, "time_complete": null, "actions": null, "score": null}], "max_time": 360000}, {"name": "Hallowed Sign (Pair)", "assignments": [[1, 0], [3, 2]], "tasks": [{"designers": [1, 0], "num_inputs": [2, 1], "num_outputs": [2, 1], "coupling": [[-0.8064035432530675, -0.21347382530595704, 0.5514909349555436], [-0.343293254947236, 0.928335754034539, -0.14262702720331605], [-0.48152161585605907, -0.3043380582351885, -0.8218973657172801]], "target": [-0.6974316708996631, -0.14780697579899657, -0.7012432975303643], "inputs": [1, 1, 0], "outputs": [1, 1, 0], "time_start": null, "time_complete": null, "actions": null, "score": null}, {"designers": [3, 2], "num_inputs": [2, 1], "num_outputs": [2, 1], "coupling": [[-0.6766473387041196, 0.6631050655325518, 0.3200625737097401], [-0.1384927080244676, 0.312309545966662, -0.9398311110631246], [-0.7231653675672538, -0.6802605527025415, -0.11948820689988864]], "target": [0.3575711557209771, 0.29796062289822306, 0.8850775874455684], "inputs": [3, 3, 2], "outputs": [3, 3, 2], "time_start": null, "time_complete": null, "actions": null, "score": null}], "max_time": 360000}, {"name": "Absorbed Copper (Pair)", "assignments": [[1, 0], [3, 2]], "tasks": [{"designers": [1, 0], "num_inputs": [2, 1], "num_outputs": [2, 1], "coupling": [[-0.6526274569778825, 0.705701709559286, -0.2757943065468959], [-0.5623674570722736, -0.6951004421650765, -0.4478595968916813], [-0.5077600275963501, -0.13718772695476852, 0.8505053097708078]], "target": [0.4591098906520781, -0.6564016875136339, -0.5986275410759938], "inputs": [1, 1, 0], "outputs": [1, 1, 0], "time_start": null, "time_complete": null, "actions": null, "score": null}, {"designers": [3, 2], "num_inputs": [2, 1], "num_outputs": [2, 1], "coupling": [[-0.41366838605366, 0.9096434517252939, 0.037779056540008196], [-0.7123072980236951, -0.2975269174262596, -0.6356854934549083], [-0.5670068602423984, -0.2898732898011138, 0.7710231490026331]], "target": [0.8431677301925502, -0.4027963502996687, 0.35612256169359646], "inputs": [3, 3, 2], "outputs": [3, 3, 2], "time_start": null, "time_complete": null, "actions": null, "score": null}], "max_time": 360000}]}