{"name": "experiment007", "num_designers": 4, "error_tol": 0.05, "training": [{"name": "Training Task 1/5 (Individual)", "assignments": [[0], [1], [2], [3]], "tasks": [{"designers": [0], "num_inputs": [1], "num_outputs": [1], "coupling": [[1.0]], "target": [-1.0], "inputs": [0], "outputs": [0]}, {"designers": [1], "num_inputs": [1], "num_outputs": [1], "coupling": [[1.0]], "target": [-1.0], "inputs": [1], "outputs": [1]}, {"designers": [2], "num_inputs": [1], "num_outputs": [1], "coupling": [[1.0]], "target": [1.0], "inputs": [2], "outputs": [2]}, {"designers": [3], "num_inputs": [1], "num_outputs": [1], "coupling": [[1.0]], "target": [1.0], "inputs": [3], "outputs": [3]}]}, {"name": "Training Task 2/5 (Individual)", "assignments": [[0], [1], [2], [3]], "tasks": [{"designers": [0], "num_inputs": [2], "num_outputs": [2], "coupling": [[-0.7745377105856363, -0.6325277344755412], [-0.6325277344755412, 0.7745377105856364]], "target": [-0.9399289766223393, 0.34137006152514576], "inputs": [0, 0], "outputs": [0, 0]}, {"designers": [1], "num_inputs": [2], "num_outputs": [2], "coupling": [[-0.3151487420147589, -0.9490422911580468], [-0.9490422911580468, 0.31514874201475884]], "target": [-0.6997590805192364, 0.7143789115244602], "inputs": [1, 1], "outputs": [1, 1]}, {"designers": [2], "num_inputs": [2], "num_outputs": [2], "coupling": [[-0.7822311723864197, -0.622988276733172], [-0.6229882767331719, 0.7822311723864198]], "target": [0.4063800688589907, 0.91370413134349], "inputs": [2, 2], "outputs": [2, 2]}, {"designers": [3], "num_inputs": [2], "num_outputs": [2], "coupling": [[-0.46956265626851934, -0.8828991515671835], [-0.8828991515671835, 0.4695626562685193]], "target": [0.16409868701769392, -0.9864439269005962], "inputs": [3, 3], "outputs": [3, 3]}]}, {"name": "Training Task 3/5 (Pair)", "assignments": [[0, 1], [2, 3]], "tasks": [{"designers": [0, 1], "num_inputs": [1, 1], "num_outputs": [1, 1], "coupling": [[-0.8001323495096417, -0.5998234934280089], [-0.5998234934280088, 0.8001323495096418]], "target": [-0.9707225744311121, -0.2402034210618866], "inputs": [0, 1], "outputs": [0, 1]}, {"designers": [2, 3], "num_inputs": [1, 1], "num_outputs": [1, 1], "coupling": [[-0.758762591845944, -0.6513672767457892], [-0.6513672767457893, 0.7587625918459439]], "target": [0.89049024492475, 0.4550023337235298], "inputs": [2, 3], "outputs": [2, 3]}]}, {"name": "Training Task 4/5 (Pair)", "assignments": [[0, 1], [2, 3]], "tasks": [{"designers": [0, 1], "num_inputs": [2, 1], "num_outputs": [2, 1], "coupling": [[-0.5554188232556404, -0.5954333584686307, -0.580490349959486], [-0.7564351844574091, 0.07180050525576359, 0.6501157582768647], [-0.34542110892098765, 0.8001898543894347, -0.4902860944836299]], "target": [-0.9506367696263083, -0.309899934707104, -0.015867031952758678], "inputs": [0, 0, 1], "outputs": [0, 0, 1]}, {"designers": [2, 3], "num_inputs": [2, 1], "num_outputs": [2, 1], "coupling": [[-0.30193405068028706, 0.7609447351139688, -0.5742812369755136], [-0.5934577490516835, -0.6214685928846914, -0.5114535053633237], [-0.7460856044250572, 0.18638642160912447, 0.6392310792737184]], "target": [0.18233096576909258, -0.9437228026337087, 0.27593965048700014], "inputs": [2, 2, 3], "outputs": [2, 2, 3]}]}, {"name": "Training Task 5/5 (Pair)", "assignments": [[1, 0], [3, 2]], "tasks": [{"designers": [1, 0], "num_inputs": [2, 1], "num_outputs": [2, 1], "coupling": [[-0.4830982648165272, 0.8286629828527876, 0.28272553365549047], [-0.2838295267303916, 0.157253709109319, -0.945892208831093], [-0.8282854980544226, -0.5372047392018084, 0.15923002823542615]], "target": [-0.6443888233150019, 0.545066327182587, 0.5363447989478338], "inputs": [1, 1, 0], "outputs": [1, 1, 0]}, {"designers": [3, 2], "num_inputs": [2, 1], "num_outputs": [2, 1], "coupling": [[-0.765184942111815, 0.6167762852662875, 0.18460503324248048], [-0.35356438626354114, -0.16294540918850436, -0.9211085812163932], [-0.538037386369594, -0.7700881816762999, 0.34275350225937323]], "target": [0.2951326434556003, -0.6638938503538439, -0.6871256640740888], "inputs": [3, 3, 2], "outputs": [3, 3, 2]}]}], "rounds": [{"name": "Hallowed Sign (Pair)", "assignments": [[1, 0], [3, 2]], "tasks": [{"designers": [1, 0], "num_inputs": [2, 1], "num_outputs": [2, 1], "coupling": [[-0.3159573076185425, -0.1807524057209833, 0.9313965576426176], [-0.8050794787272578, 0.570505167014047, -0.16239115537036283], [-0.5020139566732073, -0.8011569273471655, -0.32577532912877205]], "target": [-0.4473841853136491, -0.884987699199274, 0.1290122590966381], "inputs": [1, 1, 0], "outputs": [1, 1, 0]}, {"designers": [3, 2], "num_inputs": [2, 1], "num_outputs": [2, 1], "coupling": [[-0.7555421310933189, 0.12176777138377859, -0.6436836940572543], [-0.5890685528338533, -0.556187002940545, 0.5862203150883146], [-0.2866257633312028, 0.8220879682930782, 0.4919522783589519]], "target": [0.27652895017075196, 0.6428612351764545, 0.7143256764423808], "inputs": [3, 3, 2], "outputs": [3, 3, 2]}]}, {"name": "Unwritten Experience (Individual)", "assignments": [[0], [1], [2], [3]], "tasks": [{"designers": [0], "num_inputs": [3], "num_outputs": [3], "coupling": [[-0.4633576573600873, 0.8292551232750195, 0.3124669932775369], [-0.6512101932279277, -0.07948968740276445, -0.754722911956869], [-0.601019937773962, -0.5531883315099325, 0.576851544402405]], "target": [-0.09144065551550828, -0.36682984539807495, 0.9257831663214224], "inputs": [0, 0, 0], "outputs": [0, 0, 0]}, {"designers": [1], "num_inputs": [3], "num_outputs": [3], "coupling": [[-0.6536770928958656, 0.6320569608938672, -0.4161853630400971], [-0.4180940122299358, -0.7600201360419065, -0.49756084024802], [-0.6307960487833474, -0.15123951532734345, 0.7610669838081708]], "target": [0.40639703765148005, 0.874785376774062, 0.26380294230801127], "inputs": [1, 1, 1], "outputs": [1, 1, 1]}, {"designers": [2], "num_inputs": [3], "num_outputs": [3], "coupling": [[-0.5714267022656258, 0.7938900248893588, -0.20787051815734936], [-0.31394486766981533, -0.44550418800449976, -0.8384298650061512], [-0.7582282927994799, -0.41384133052611405, 0.503810687805213]], "target": [-0.4824586982223049, 0.5703276292170121, -0.6648007219169829], "inputs": [2, 2, 2], "outputs": [2, 2, 2]}, {"designers": [3], "num_inputs": [3], "num_outputs": [3], "coupling": [[-0.46129997647746074, 0.7291181271780967, -0.505558194792844], [-0.63277859348235, -0.6697777141492964, -0.3885731144320745], [-0.6219273135442701, 0.1406576348772021, 0.7703387867804391]], "target": [-0.6187995330743534, 0.42880252708933725, -0.6581911049450303], "inputs": [3, 3, 3], "outputs": [3, 3, 3]}]}, {"name": "Towering Test (Pair)", "assignments": [[0, 1], [2, 3]], "tasks": [{"designers": [0, 1], "num_inputs": [1, 1], "num_outputs": [1, 1], "coupling": [[-0.11050814551507751, -0.993875218412663], [-0.9938752184126631, 0.1105081455150775]], "target": [-0.8911862169302149, 0.4536376602020733], "inputs": [0, 1], "outputs": [0, 1]}, {"designers": [2, 3], "num_inputs": [1, 1], "num_outputs": [1, 1], "coupling": [[-0.75021027297323, -0.6611993242021893], [-0.6611993242021893, 0.7502102729732302]], "target": [-0.8589095244013301, 0.5121273561260723], "inputs": [2, 3], "outputs": [2, 3]}]}, {"name": "Absorbed Copper (Pair)", "assignments": [[1, 0], [3, 2]], "tasks": [{"designers": [1, 0], "num_inputs": [2, 1], "num_outputs": [2, 1], "coupling": [[-0.4015770559724104, -0.6371265982877823, -0.6578795983086645], [-0.5354070841911954, -0.4194756815286809, 0.7330616664400957], [-0.7430175787384935, 0.6466141433345597, -0.1726702850096083]], "target": [-0.5083333519788689, 0.3584976266649438, -0.7829921167812166], "inputs": [1, 1, 0], "outputs": [1, 1, 0]}, {"designers": [3, 2], "num_inputs": [2, 1], "num_outputs": [2, 1], "coupling": [[-0.593332803513579, 0.5768343086269356, 0.5614431090196069], [-0.2822716307286306, 0.5040943123210081, -0.8162178941749622], [-0.753842762623955, -0.6427683133730967, -0.13627173060832604]], "target": [-0.5018538050170565, 0.5166664710946658, 0.6936847382179366], "inputs": [3, 3, 2], "outputs": [3, 3, 2]}]}, {"name": "Flat Sleep (Individual)", "assignments": [[0], [1], [2], [3]], "tasks": [{"designers": [0], "num_inputs": [2], "num_outputs": [2], "coupling": [[-0.7592594318484881, -0.6507880723777222], [-0.6507880723777223, 0.7592594318484879]], "target": [-0.9718849586143987, 0.23545621083141727], "inputs": [0, 0], "outputs": [0, 0]}, {"designers": [1], "num_inputs": [2], "num_outputs": [2], "coupling": [[-0.6891918055214957, -0.7245789502890773], [-0.7245789502890773, 0.6891918055214956]], "target": [-0.2536660998924394, 0.9672918431194173], "inputs": [1, 1], "outputs": [1, 1]}, {"designers": [2], "num_inputs": [2], "num_outputs": [2], "coupling": [[-0.5474433768893003, -0.836842726621938], [-0.836842726621938, 0.5474433768893002]], "target": [0.9650962144610553, -0.26189558383627004], "inputs": [2, 2], "outputs": [2, 2]}, {"designers": [3], "num_inputs": [2], "num_outputs": [2], "coupling": [[-0.8907102153557456, -0.4545715700095212], [-0.45457157000952125, 0.8907102153557457]], "target": [0.9813751664301116, 0.19210097010236746], "inputs": [3, 3], "outputs": [3, 3]}]}, {"name": "Economic Motion (Individual)", "assignments": [[0], [1], [2], [3]], "tasks": [{"designers": [0], "num_inputs": [2], "num_outputs": [2], "coupling": [[-0.9523263787183306, -0.30508108495485375], [-0.30508108495485375, 0.9523263787183306]], "target": [0.40246635490724425, 0.9154347782161634], "inputs": [0, 0], "outputs": [0, 0]}, {"designers": [1], "num_inputs": [2], "num_outputs": [2], "coupling": [[-0.6037334602160377, -0.7971862448735362], [-0.7971862448735361, 0.603733460216038]], "target": [0.9471079107438876, -0.3209152620339964], "inputs": [1, 1], "outputs": [1, 1]}, {"designers": [2], "num_inputs": [2], "num_outputs": [2], "coupling": [[-0.40950788475168154, -0.9123065780351488], [-0.9123065780351487, 0.4095078847516818]], "target": [-0.18842296934338876, 0.9820879719372498], "inputs": [2, 2], "outputs": [2, 2]}, {"designers": [3], "num_inputs": [2], "num_outputs": [2], "coupling": [[-0.6194173383994885, -0.7850618834780433], [-0.7850618834780434, 0.6194173383994886]], "target": [-0.3512650086226883, 0.9362760777235007], "inputs": [3, 3], "outputs": [3, 3]}]}, {"name": "Better Behavior (Pair)", "assignments": [[0, 1], [2, 3]], "tasks": [{"designers": [0, 1], "num_inputs": [2, 1], "num_outputs": [2, 1], "coupling": [[-0.5692092587590634, -0.2812220491696456, -0.7726027302590789], [-0.6693303759371737, -0.3872308023872644, 0.6340734606733807], [-0.477491013099471, 0.8780469604430853, 0.03218489810299076]], "target": [-0.3001720746264236, -0.8764325277853111, 0.3765139437714343], "inputs": [0, 0, 1], "outputs": [0, 0, 1]}, {"designers": [2, 3], "num_inputs": [2, 1], "num_outputs": [2, 1], "coupling": [[-0.6788177673199824, 0.5731383028023788, -0.45904131037579005], [-0.7101673175394445, -0.6713808221950209, 0.21192020358513988], [-0.18673194656925612, 0.46985133547702723, 0.8627693218241537]], "target": [0.1366387803274185, 0.8427518853256819, -0.5206717809624832], "inputs": [2, 2, 3], "outputs": [2, 2, 3]}]}, {"name": "Noiseless Stone (Individual)", "assignments": [[0], [1], [2], [3]], "tasks": [{"designers": [0], "num_inputs": [3], "num_outputs": [3], "coupling": [[-0.6149587381879733, 0.6764029004062827, 0.4053453671231782], [-0.6176438460443223, -0.09358864060989051, -0.7808695446695112], [-0.4902467029668156, -0.7305616214055876, 0.47532924122065723]], "target": [-0.033726930565662006, 0.2517800450227189, 0.9671966206945601], "inputs": [0, 0, 0], "outputs": [0, 0, 0]}, {"designers": [1], "num_inputs": [3], "num_outputs": [3], "coupling": [[-0.5213956114546549, 0.32104693409658946, -0.7906171529020899], [-0.7450941373753859, -0.6228813214283395, 0.23843989990040496], [-0.4159102581142423, 0.7134057229395246, 0.5639777758675235]], "target": [-0.814055265782156, -0.4192962688480036, -0.40187642775172316], "inputs": [1, 1, 1], "outputs": [1, 1, 1]}, {"designers": [2], "num_inputs": [3], "num_outputs": [3], "coupling": [[-0.5161692249735164, 0.7729472163545472, -0.3689470584243707], [-0.18284681189968163, -0.5202834766541414, -0.8341895152174965], [-0.8367415219578632, -0.3631221621581868, 0.4098852531882574]], "target": [-0.8258835137236091, -0.5518962142453142, 0.11544258512886427], "inputs": [2, 2, 2], "outputs": [2, 2, 2]}, {"designers": [3], "num_inputs": [3], "num_outputs": [3], "coupling": [[-0.5526084750998461, 0.49000389684224704, 0.6741810248940826], [-0.7751795897773839, -0.005054439185001242, -0.6317207106285909], [-0.30613800293395405, -0.8717055889025477, 0.3826341456740012]], "target": [0.5231406558310046, 0.533431087469935, 0.6646616651630733], "inputs": [3, 3, 3], "outputs": [3, 3, 3]}]}, {"name": "Husky Verse (Pair)", "assignments": [[0, 1], [2, 3]], "tasks": [{"designers": [0, 1], "num_inputs": [2, 2], "num_outputs": [2, 2], "coupling": [[-0.45256789646619494, 0.13833103506902789, -0.6064813461166647, -0.6389266003520385], [-0.36444872636600567, -0.8777559830237305, -0.18869133447412884, 0.2472188107944345], [-0.5214821324194711, 0.457737582347184, -0.22654903131652335, 0.6835263182085539], [-0.6248326259932353, 0.029753398288803745, 0.738411466268256, -0.25188773544623094]], "target": [-0.7616672074743589, 0.4643459146231923, -0.45141955229401537, 0.02159454647899436], "inputs": [0, 0, 1, 1], "outputs": [0, 0, 1, 1]}, {"designers": [2, 3], "num_inputs": [2, 2], "num_outputs": [2, 2], "coupling": [[-0.5533389334054741, 0.33649116194948153, -0.2591102048427829, -0.7165553882666096], [-0.6332681439148089, 0.4011710226186825, 0.04784745235987648, 0.6601089984362], [-0.45944344375491686, -0.5573242522984194, 0.6749127958726187, -0.1509772093994153], [-0.2858307273037805, -0.6443796911301407, -0.689249766787342, 0.1673629826801939]], "target": [0.7032086919734613, 0.3993868987162158, 0.5080757677026999, -0.2963893637432506], "inputs": [2, 2, 3, 3], "outputs": [2, 2, 3, 3]}]}, {"name": "Staking System (Pair)", "assignments": [[0, 1], [2, 3]], "tasks": [{"designers": [0, 1], "num_inputs": [1, 1], "num_outputs": [1, 1], "coupling": [[-0.757483330691148, -0.6528545042542361], [-0.652854504254236, 0.7574833306911481]], "target": [0.3065870118960028, 0.9518426362254844], "inputs": [0, 1], "outputs": [0, 1]}, {"designers": [2, 3], "num_inputs": [1, 1], "num_outputs": [1, 1], "coupling": [[-0.9693727888372106, -0.2455939662572541], [-0.2455939662572541, 0.9693727888372106]], "target": [-0.8848066038568745, 0.4659584463997455], "inputs": [2, 3], "outputs": [2, 3]}]}, {"name": "Chemical Rhythm (Pair)", "assignments": [[0, 1], [2, 3]], "tasks": [{"designers": [0, 1], "num_inputs": [2, 2], "num_outputs": [2, 2], "coupling": [[-0.4848358972464226, -0.5050297952583782, 0.003926097472891384, 0.7140473684575621], [-0.36697096448548033, -0.5779919012510524, -0.3172088553030669, -0.6562287828418589], [-0.5361801973415098, 0.1807365850148124, 0.7886514833298693, -0.24056999118260658], [-0.5854718267727935, 0.6149833776832164, -0.5266801360575005, 0.04032641207847272]], "target": [0.7532642036996586, 0.07143775533703461, 0.6441619900366586, -0.11200454066303288], "inputs": [0, 0, 1, 1], "outputs": [0, 0, 1, 1]}, {"designers": [2, 3], "num_inputs": [2, 2], "num_outputs": [2, 2], "coupling": [[-0.6616969880739351, -0.02985363159522007, -0.06877657329001888, -0.7460131631686819], [-0.4215359570890214, -0.20025145244019724, 0.8300284024130283, 0.305384419812652], [-0.5149885954303716, -0.39778229313042796, -0.5500841993844945, 0.5234151005044383], [-0.3453277854902194, 0.894861645031268, -0.061073789318153875, 0.2761183606330375]], "target": [0.4437323165092997, -0.7107254265353772, 0.5273823208599583, -0.14085058397380257], "inputs": [2, 2, 3, 3], "outputs": [2, 2, 3, 3]}]}, {"name": "Impolite Heat (Individual)", "assignments": [[0], [1], [2], [3]], "tasks": [{"designers": [0], "num_inputs": [4], "num_outputs": [4], "coupling": [[-0.6186680141581524, -0.3437955015132843, 0.20195374192211552, 0.6769558534502035], [-0.4523329700531249, -0.5095938909267373, -0.517202348754021, -0.5178906071521205], [-0.46625214131279863, 0.23785242154768274, 0.683236605398601, -0.5091393790785881], [-0.44187522354365744, 0.7520272235985089, -0.4742406115152688, 0.11957083329384782]], "target": [-0.8116131503316837, -0.08579235571142976, 0.5598578529174304, -0.14311865859086487], "inputs": [0, 0, 0, 0], "outputs": [0, 0, 0, 0]}, {"designers": [1], "num_inputs": [4], "num_outputs": [4], "coupling": [[-0.37479778766395283, 0.017470831876358336, 0.9245792674550974, -0.06614050640832145], [-0.4214514546585067, -0.7956671161272926, -0.12601992534534434, 0.41642705255045526], [-0.5416696050405724, -0.08313854720300251, -0.2745292989535093, -0.7901364976763566], [-0.6232971431858364, 0.5997471069677612, -0.23217627058819623, 0.4448575708650266]], "target": [0.5170922460278677, -0.47921407515541387, 0.4283658807429191, 0.5652186758115303], "inputs": [1, 1, 1, 1], "outputs": [1, 1, 1, 1]}, {"designers": [2], "num_inputs": [4], "num_outputs": [4], "coupling": [[-0.27325356704583037, 0.8139605980806328, 0.4614090853844761, 0.22338820200182677], [-0.5636248784657296, -0.52278748699865, 0.6329171617628188, -0.09184827792737961], [-0.5488040511317728, 0.23265926503160206, -0.3977614170878167, -0.6974737521459865], [-0.5536005761671282, -0.10015515266229993, -0.47781102681609405, 0.6746791608724585]], "target": [0.6179953279626726, 0.576582244360516, 0.4842869477841575, -0.22605495418239308], "inputs": [2, 2, 2, 2], "outputs": [2, 2, 2, 2]}, {"designers": [3], "num_inputs": [4], "num_outputs": [4], "coupling": [[-0.4871907503161942, 0.3648699503628001, 0.22524311549476778, -0.760776334444495], [-0.4419977166403565, -0.824352915778206, 0.3535846837791571, -0.007626278874658529], [-0.4365278376417419, -0.14559833925801377, -0.8862671086997038, -0.052680001957102304], [-0.613780610849577, 0.40757001015227484, 0.19691120424209238, 0.6468276634572175]], "target": [0.6100246934923927, -0.385137971304739, 0.5328035362355089, 0.4423335937544411], "inputs": [3, 3, 3, 3], "outputs": [3, 3, 3, 3]}]}, {"name": "Chief Government (Pair)", "assignments": [[0, 1], [2, 3]], "tasks": [{"designers": [0, 1], "num_inputs": [2, 2], "num_outputs": [2, 2], "coupling": [[-0.26650481730471115, -0.46557250379683324, 0.7909868628151578, -0.29420606539560973], [-0.7041138555444602, -0.5038604942493815, -0.4708433677933005, 0.16927729844886913], [-0.5108972910069532, 0.5691731718226819, -0.07510575410068164, -0.6398319968710791], [-0.41494917619565774, 0.4532204171486815, 0.3834128734926178, 0.6894947447908898]], "target": [-5.158628194390502e-05, -0.16891374103732631, 0.14325779507509936, -0.9751642679968597], "inputs": [0, 0, 1, 1], "outputs": [0, 0, 1, 1]}, {"designers": [2, 3], "num_inputs": [2, 2], "num_outputs": [2, 2], "coupling": [[-0.5881736851597072, 0.34046817332860907, -0.5526035850683874, 0.4824545748622306], [-0.5084273490021245, 0.44087108356076116, 0.7341867684647343, -0.09002281642974022], [-0.6130888578662513, -0.5498403677748369, -0.16108655321388918, -0.5439197962008335], [-0.1402690244942811, -0.6224063629137095, 0.3600697004116634, 0.6806502266343598]], "target": [0.6402062534951427, -0.4047828903999903, -0.6466785434628814, 0.0899645821969317], "inputs": [2, 2, 3, 3], "outputs": [2, 2, 3, 3]}]}, {"name": "Thinkable Ink (Pair)", "assignments": [[0, 1], [2, 3]], "tasks": [{"designers": [0, 1], "num_inputs": [1, 1], "num_outputs": [1, 1], "coupling": [[-0.5400260097298273, -0.8416483284693681], [-0.841648328469368, 0.540026009729827]], "target": [-0.6856472964738611, 0.7279339151585708], "inputs": [0, 1], "outputs": [0, 1]}, {"designers": [2, 3], "num_inputs": [1, 1], "num_outputs": [1, 1], "coupling": [[-0.3480807278005522, -0.937464563028298], [-0.9374645630282981, 0.34808072780055216]], "target": [0.20460629747630854, -0.9788443507693327], "inputs": [2, 3], "outputs": [2, 3]}]}, {"name": "Arrogant Flame (Individual)", "assignments": [[0], [1], [2], [3]], "tasks": [{"designers": [0], "num_inputs": [4], "num_outputs": [4], "coupling": [[-0.3804726032984816, 0.767041150191344, 0.5066265949272292, 0.10108395206390292], [-0.5347407224602593, -0.3167267237095878, 0.22751604036115913, -0.7496485800755244], [-0.3940301563873154, 0.37049380305817425, -0.8313529638022306, -0.1277764740870796], [-0.6434541116034184, -0.41721265356748366, 0.02044979872928236, 0.6414687940155519]], "target": [-0.4118033736869695, 0.5029482529245985, -0.5295484750864664, -0.5450132556495502], "inputs": [0, 0, 0, 0], "outputs": [0, 0, 0, 0]}, {"designers": [1], "num_inputs": [4], "num_outputs": [4], "coupling": [[-0.5037891144858783, 0.6574235080437609, 0.37792927361939865, -0.4137152684377067], [-0.5589389936908808, -0.2964310413555839, -0.6645955300292686, -0.39752813802017195], [-0.3454417762914929, 0.41784560932788034, -0.352186782676194, 0.7629151303167228], [-0.5607617218123383, -0.5525649423893011, 0.5398580514494714, 0.29794556562826996]], "target": [-0.14576477163851376, 0.3422409510751326, -0.7555911488093642, -0.5391713814709624], "inputs": [1, 1, 1, 1], "outputs": [1, 1, 1, 1]}, {"designers": [2], "num_inputs": [4], "num_outputs": [4], "coupling": [[-0.22861546926446788, 0.5997973523305489, -0.2911931269539522, 0.7093551058285477], [-0.5823451260970607, 0.41686525460404417, 0.6404977331860497, -0.27723666315701406], [-0.44581794296821525, 0.11473236094994577, -0.7104296088727502, -0.5323275475826437], [-0.6401995650198267, -0.6732777888747111, 0.016093086566058484, 0.3695707625356503]], "target": [0.7050680752253167, -0.029916304453186875, 0.6024523063102741, 0.37287429872191913], "inputs": [2, 2, 2, 2], "outputs": [2, 2, 2, 2]}, {"designers": [3], "num_inputs": [4], "num_outputs": [4], "coupling": [[-0.7370701342889323, 0.5571824009160197, -0.014681743165155955, -0.3821777540181891], [-0.580361898806377, -0.36663855324709027, -0.4100477785191037, 0.6005139940236904], [-0.26314987483366314, -0.12360067074426201, 0.9110585074564479, 0.2923138955948299], [-0.22507737986785667, -0.7347426880030232, 0.04022016584264231, -0.638651465008499]], "target": [-0.5089924082324981, -0.442391555638163, 0.4656016682787689, 0.573089457552445], "inputs": [3, 3, 3, 3], "outputs": [3, 3, 3, 3]}]}]}