{"name": "experiment008", "num_designers": 4, "error_tol": 0.05, "training": [{"name": "Training Task 1/5 (Individual)", "assignments": [[0], [1], [2], [3]], "tasks": [{"designers": [0], "num_inputs": [1], "num_outputs": [1], "coupling": [[1.0]], "target": [1.0], "inputs": [0], "outputs": [0], "time_start": null, "time_complete": null, "actions": null, "score": null}, {"designers": [1], "num_inputs": [1], "num_outputs": [1], "coupling": [[1.0]], "target": [1.0], "inputs": [1], "outputs": [1], "time_start": null, "time_complete": null, "actions": null, "score": null}, {"designers": [2], "num_inputs": [1], "num_outputs": [1], "coupling": [[1.0]], "target": [1.0], "inputs": [2], "outputs": [2], "time_start": null, "time_complete": null, "actions": null, "score": null}, {"designers": [3], "num_inputs": [1], "num_outputs": [1], "coupling": [[1.0]], "target": [-1.0], "inputs": [3], "outputs": [3], "time_start": null, "time_complete": null, "actions": null, "score": null}], "max_time": null}, {"name": "Training Task 2/5 (Individual)", "assignments": [[0], [1], [2], [3]], "tasks": [{"designers": [0], "num_inputs": [2], "num_outputs": [2], "coupling": [[-0.4701376296472448, -0.8825931164413585], [-0.8825931164413585, 0.4701376296472448]], "target": [-0.26451892071421224, -0.964380495750608], "inputs": [0, 0], "outputs": [0, 0], "time_start": null, "time_complete": null, "actions": null, "score": null}, {"designers": [1], "num_inputs": [2], "num_outputs": [2], "coupling": [[-0.8867505418672601, -0.46224828447288013], [-0.46224828447288013, 0.88675054186726]], "target": [0.6720720116525511, -0.7404857940253096], "inputs": [1, 1], "outputs": [1, 1], "time_start": null, "time_complete": null, "actions": null, "score": null}, {"designers": [2], "num_inputs": [2], "num_outputs": [2], "coupling": [[-0.8853558577785201, -0.4649139760184252], [-0.4649139760184253, 0.8853558577785201]], "target": [0.7445460996700675, -0.667571049002344], "inputs": [2, 2], "outputs": [2, 2], "time_start": null, "time_complete": null, "actions": null, "score": null}, {"designers": [3], "num_inputs": [2], "num_outputs": [2], "coupling": [[-0.7486104115221812, -0.6630101445382194], [-0.6630101445382194, 0.7486104115221812]], "target": [-0.9995109500188122, -0.0312707657803784], "inputs": [3, 3], "outputs": [3, 3], "time_start": null, "time_complete": null, "actions": null, "score": null}], "max_time": null}, {"name": "Training Task 3/5 (Pair)", "assignments": [[0, 1], [2, 3]], "tasks": [{"designers": [0, 1], "num_inputs": [1, 1], "num_outputs": [1, 1], "coupling": [[-1, 0], [0, -1]], "target": [0.7827713204920648, 0.6223094566332004], "inputs": [0, 1], "outputs": [0, 1], "time_start": null, "time_complete": null, "actions": null, "score": null}, {"designers": [2, 3], "num_inputs": [1, 1], "num_outputs": [1, 1], "coupling": [[1, 0], [0, -1]], "target": [0.3084762254561555, -0.9512320528285005], "inputs": [2, 3], "outputs": [2, 3], "time_start": null, "time_complete": null, "actions": null, "score": null}], "max_time": null}, {"name": "Training Task 4/5 (Pair)", "assignments": [[0, 1], [2, 3]], "tasks": [{"designers": [0, 1], "num_inputs": [1, 1], "num_outputs": [1, 1], "coupling": [[-0.6044107267427553, -0.7966728772829503], [-0.7966728772829503, 0.6044107267427553]], "target": [-0.18335209766797833, 0.9830473072445456], "inputs": [0, 1], "outputs": [0, 1], "time_start": null, "time_complete": null, "actions": null, "score": null}, {"designers": [2, 3], "num_inputs": [1, 1], "num_outputs": [1, 1], "coupling": [[-0.7953260854056389, -0.6061818356511042], [-0.6061818356511042, 0.795326085405639]], "target": [0.9857810579195161, 0.16803483521901008], "inputs": [2, 3], "outputs": [2, 3], "time_start": null, "time_complete": null, "actions": null, "score": null}], "max_time": null}, {"name": "Training Task 5/5 (Pair)", "assignments": [[0, 1], [2, 3]], "tasks": [{"designers": [0, 1], "num_inputs": [2, 1], "num_outputs": [2, 1], "coupling": [[-0.22448476673357412, 0.07550771796804888, -0.9715478238521408], [-0.6685534929209039, -0.7372879009392954, 0.09717395860922058], [-0.7089730718495811, 0.6713457646070207, 0.21599085104786991]], "target": [-0.5629966074727679, 0.2727241802790422, -0.7801643041470679], "inputs": [0, 0, 1], "outputs": [0, 0, 1], "time_start": null, "time_complete": null, "actions": null, "score": null}, {"designers": [2, 3], "num_inputs": [2, 1], "num_outputs": [2, 1], "coupling": [[-0.7913601688732061, -0.10023775759251519, 0.6030766742909187], [-0.43706421757815883, 0.7825096176127095, -0.4434563879981924], [-0.4274622238675161, -0.61451695688275, -0.6630572802328635]], "target": [-0.03582633906467425, -0.9177854812097198, -0.39545705697315103], "inputs": [2, 2, 3], "outputs": [2, 2, 3], "time_start": null, "time_complete": null, "actions": null, "score": null}], "max_time": null}], "rounds": [{"name": "Better Behavior (Pair)", "assignments": [[0, 1], [2, 3]], "tasks": [{"designers": [0, 1], "num_inputs": [2, 1], "num_outputs": [2, 1], "coupling": [[-0.4681707388787336, -0.591962102445639, -0.6560465139956764], [-0.7589786026465473, -0.11081543082638144, 0.6416162568198044], [-0.45251258544092926, 0.7983112234955122, -0.3974060272047509]], "target": [0.5725094763981182, 0.5693860503146807, -0.5899427303911801], "inputs": [0, 0, 1], "outputs": [0, 0, 1], "time_start": null, "time_complete": null, "actions": null, "score": null}, {"designers": [2, 3], "num_inputs": [2, 1], "num_outputs": [2, 1], "coupling": [[-0.5823130112563948, 0.40935347417727935, -0.702382581005894], [-0.21354777831514393, -0.9106575701943962, -0.3536949762497406], [-0.7844162818925776, -0.055968946985180366, 0.6177042768794744]], "target": [-0.3024232151028705, -0.9531454925794167, -0.007339546469936645], "inputs": [2, 2, 3], "outputs": [2, 2, 3], "time_start": null, "time_complete": null, "actions": null, "score": null}], "max_time": 600000}, {"name": "Economic Motion (Individual)", "assignments": [[0], [1], [2], [3]], "tasks": [{"designers": [0], "num_inputs": [2], "num_outputs": [2], "coupling": [[-0.6438989042881846, -0.7651105809335509], [-0.7651105809335511, 0.6438989042881843]], "target": [-0.9871622379733651, -0.1597207435476596], "inputs": [0, 0], "outputs": [0, 0], "time_start": null, "time_complete": null, "actions": null, "score": null}, {"designers": [1], "num_inputs": [2], "num_outputs": [2], "coupling": [[-0.4381604096292811, -0.8988967991007091], [-0.8988967991007089, 0.4381604096292812]], "target": [-0.8096347374221167, -0.5869340609978435], "inputs": [1, 1], "outputs": [1, 1], "time_start": null, "time_complete": null, "actions": null, "score": null}, {"designers": [2], "num_inputs": [2], "num_outputs": [2], "coupling": [[-0.7607240639626148, -0.6490754181974567], [-0.6490754181974567, 0.7607240639626149]], "target": [0.10927484623593564, 0.9940115733632645], "inputs": [2, 2], "outputs": [2, 2], "time_start": null, "time_complete": null, "actions": null, "score": null}, {"designers": [3], "num_inputs": [2], "num_outputs": [2], "coupling": [[-0.797417227889756, -0.6034283426096397], [-0.6034283426096397, 0.7974172278897561]], "target": [0.8041499335545104, -0.5944265172115697], "inputs": [3, 3], "outputs": [3, 3], "time_start": null, "time_complete": null, "actions": null, "score": null}], "max_time": 120000}, {"name": "Thinkable Ink (Pair)", "assignments": [[0, 1], [2, 3]], "tasks": [{"designers": [0, 1], "num_inputs": [1, 1], "num_outputs": [1, 1], "coupling": [[-0.6165275386984809, -0.7873333436520984], [-0.7873333436520985, 0.6165275386984808]], "target": [0.9971112971597857, -0.07595433546763364], "inputs": [0, 1], "outputs": [0, 1], "time_start": null, "time_complete": null, "actions": null, "score": null}, {"designers": [2, 3], "num_inputs": [1, 1], "num_outputs": [1, 1], "coupling": [[-0.7464124751049724, -0.66548359634755], [-0.6654835963475499, 0.7464124751049723]], "target": [-0.4994277439927579, -0.8663555439485017], "inputs": [2, 3], "outputs": [2, 3], "time_start": null, "time_complete": null, "actions": null, "score": null}], "max_time": 180000}, {"name": "Hallowed Sign (Pair)", "assignments": [[1, 0], [3, 2]], "tasks": [{"designers": [1, 0], "num_inputs": [2, 1], "num_outputs": [2, 1], "coupling": [[-0.1878544285558797, 0.9450320596811048, 0.2676286977265937], [-0.8238369991913559, -0.0032430631250124093, -0.5668175026452067], [-0.5347927752273075, -0.3269616012874535, 0.7791615999574277]], "target": [0.4030837890610326, 0.6580963623341033, -0.6359501842745402], "inputs": [1, 1, 0], "outputs": [1, 1, 0], "time_start": null, "time_complete": null, "actions": null, "score": null}, {"designers": [3, 2], "num_inputs": [2, 1], "num_outputs": [2, 1], "coupling": [[-0.597071166854895, 0.5904761801564141, 0.5429953060371919], [-0.3991665804656076, 0.36845167541676055, -0.8395888302746624], [-0.6958247356554146, -0.7180398620901715, 0.015706485908703518]], "target": [-0.3407090416537857, 0.42046838499010253, 0.8409064669505009], "inputs": [3, 3, 2], "outputs": [3, 3, 2], "time_start": null, "time_complete": null, "actions": null, "score": null}], "max_time": 600000}, {"name": "Absorbed Copper (Pair)", "assignments": [[1, 0], [3, 2]], "tasks": [{"designers": [1, 0], "num_inputs": [2, 1], "num_outputs": [2, 1], "coupling": [[-0.10628566877689208, -0.02013345054217488, 0.9941317824020689], [-0.6291317691281412, 0.775587068498348, -0.05155498280315857], [-0.7699977751177882, -0.6309194428351409, -0.0951003836283089]], "target": [-0.5691769503066852, -0.822137751625558, 0.011274599401002384], "inputs": [1, 1, 0], "outputs": [1, 1, 0], "time_start": null, "time_complete": null, "actions": null, "score": null}, {"designers": [3, 2], "num_inputs": [2, 1], "num_outputs": [2, 1], "coupling": [[-0.49471512054023126, -0.557818054565207, -0.6664052577148168], [-0.510252831968524, -0.4342891869953, 0.7423172835971571], [-0.7034905805886568, 0.7072707544215643, -0.06977881457137065]], "target": [0.2037766955808542, 0.939833776843189, 0.2742034468106018], "inputs": [3, 3, 2], "outputs": [3, 3, 2], "time_start": null, "time_complete": null, "actions": null, "score": null}], "max_time": 600000}, {"name": "Noiseless Stone (Individual)", "assignments": [[0], [1], [2], [3]], "tasks": [{"designers": [0], "num_inputs": [3], "num_outputs": [3], "coupling": [[-0.5972276423881916, 0.5851299998740622, -0.5485818320130752], [-0.5468865878878162, -0.7973861124226321, -0.2551282965567385], [-0.5867147545067057, 0.14764237522778162, 0.7962207770971784]], "target": [0.418989510992718, -0.5428961224656212, 0.7278128810964232], "inputs": [0, 0, 0], "outputs": [0, 0, 0], "time_start": null, "time_complete": null, "actions": null, "score": null}, {"designers": [1], "num_inputs": [3], "num_outputs": [3], "coupling": [[-0.7077293918981763, 0.705831081515045, -0.030357737246698487], [-0.39709841541428875, -0.4329711983393809, -0.8092272794981773], [-0.584321791754251, -0.5606589210704331, 0.5867108469299329]], "target": [0.9005334532927491, 0.22450480645893156, -0.37234002118691734], "inputs": [1, 1, 1], "outputs": [1, 1, 1], "time_start": null, "time_complete": null, "actions": null, "score": null}, {"designers": [2], "num_inputs": [3], "num_outputs": [3], "coupling": [[-0.5002970582759184, 0.8013883001353703, 0.32784088501375697], [-0.502053932617536, 0.039992210740766136, -0.8639111481068714], [-0.705439368212271, -0.5968060116036091, 0.38233216224908945]], "target": [0.846184857024616, -0.278375902590673, 0.4543985525934897], "inputs": [2, 2, 2], "outputs": [2, 2, 2], "time_start": null, "time_complete": null, "actions": null, "score": null}, {"designers": [3], "num_inputs": [3], "num_outputs": [3], "coupling": [[-0.20203278098888197, 0.9433055669837207, 0.26335786053091104], [-0.19396502588649595, 0.22503794034087232, -0.9548484142208066], [-0.9599793352665198, -0.24399289478314395, 0.1375032478037965]], "target": [0.5138691420310109, 0.8558261703556141, -0.05916139791076578], "inputs": [3, 3, 3], "outputs": [3, 3, 3], "time_start": null, "time_complete": null, "actions": null, "score": null}], "max_time": 240000}, {"name": "Unwritten Experience (Individual)", "assignments": [[0], [1], [2], [3]], "tasks": [{"designers": [0], "num_inputs": [3], "num_outputs": [3], "coupling": [[-0.7392616942847271, 0.08079883600972522, -0.6685534350093105], [-0.6453356978896695, -0.36870478638861914, 0.6690281141502024], [-0.19244215856336735, 0.9260282547490637, 0.3247116983015478]], "target": [-0.7127541838233933, 0.26193330707909407, -0.6506707432218368], "inputs": [0, 0, 0], "outputs": [0, 0, 0], "time_start": null, "time_complete": null, "actions": null, "score": null}, {"designers": [1], "num_inputs": [3], "num_outputs": [3], "coupling": [[-0.4636162536253554, -0.39724727181484915, -0.7919940494789403], [-0.6548533719690337, -0.448494645970357, 0.6082923752248672], [-0.59684757735554, 0.8006542059913153, -0.052209307917646275]], "target": [-0.4678055314972551, 0.0037788940763608557, 0.8838233447132579], "inputs": [1, 1, 1], "outputs": [1, 1, 1], "time_start": null, "time_complete": null, "actions": null, "score": null}, {"designers": [2], "num_inputs": [3], "num_outputs": [3], "coupling": [[-0.5153822414958702, -0.3428392968907218, 0.7853931255480715], [-0.564825574313126, 0.8251441195320103, -0.010452397026131486], [-0.6444790266195956, -0.4489971030076027, -0.6189090286449533]], "target": [-0.4734133327420904, 0.6348595099203064, 0.6106007034435641], "inputs": [2, 2, 2], "outputs": [2, 2, 2], "time_start": null, "time_complete": null, "actions": null, "score": null}, {"designers": [3], "num_inputs": [3], "num_outputs": [3], "coupling": [[-0.3744269980658684, -0.7235163067774594, -0.579938425133641], [-0.8124997562025361, -0.04538115540613454, 0.581192478362224], [-0.44682051126845335, 0.6888139840051954, -0.5708648930777657]], "target": [-0.5175820273689937, 0.19602544337410818, -0.8328762636157826], "inputs": [3, 3, 3], "outputs": [3, 3, 3], "time_start": null, "time_complete": null, "actions": null, "score": null}], "max_time": 240000}, {"name": "Staking System (Pair)", "assignments": [[0, 1], [2, 3]], "tasks": [{"designers": [0, 1], "num_inputs": [1, 1], "num_outputs": [1, 1], "coupling": [[-0.551942648742449, -0.8338820734967086], [-0.8338820734967086, 0.5519426487424487]], "target": [-0.05282713546809825, 0.9986036720131943], "inputs": [0, 1], "outputs": [0, 1], "time_start": null, "time_complete": null, "actions": null, "score": null}, {"designers": [2, 3], "num_inputs": [1, 1], "num_outputs": [1, 1], "coupling": [[-0.9131725801946297, -0.40757310851021955], [-0.40757310851021966, 0.9131725801946294]], "target": [-0.4417917074576938, -0.8971176551721716], "inputs": [2, 3], "outputs": [2, 3], "time_start": null, "time_complete": null, "actions": null, "score": null}], "max_time": 180000}, {"name": "Impolite Heat (Individual)", "assignments": [[0], [1], [2], [3]], "tasks": [{"designers": [0], "num_inputs": [4], "num_outputs": [4], "coupling": [[-0.3552627039332831, 0.7581864389909805, 0.5399060516763722, 0.08627392588389825], [-0.6114688099940996, -0.06137829239204794, -0.19396913307301292, -0.7646663161421065], [-0.6428235293656072, -0.06482535348895455, -0.43245011741784245, 0.628937580038171], [-0.29440145327826883, -0.6458975944360263, 0.6956035700910604, 0.11081405635554167]], "target": [0.48092633792388395, 0.3106618315566939, 0.7260391158358884, -0.38087568336821415], "inputs": [0, 0, 0, 0], "outputs": [0, 0, 0, 0], "time_start": null, "time_complete": null, "actions": null, "score": null}, {"designers": [1], "num_inputs": [4], "num_outputs": [4], "coupling": [[-0.4226995899459951, 0.10682551805784672, 0.5056940551980393, -0.7444372961428801], [-0.3039078840363826, -0.5325873845550008, -0.6947941256310443, -0.37583480256887475], [-0.6630328545875106, 0.6280662646473631, -0.32456158150495096, 0.24613000784229982], [-0.5379149453375993, -0.5571999225739764, 0.3952144042630026, 0.4939446654525607]], "target": [-0.5726133694915803, -0.8052205727097612, -0.032128703802979275, 0.15067018535995622], "inputs": [1, 1, 1, 1], "outputs": [1, 1, 1, 1], "time_start": null, "time_complete": null, "actions": null, "score": null}, {"designers": [2], "num_inputs": [4], "num_outputs": [4], "coupling": [[-0.43314428866221577, 0.6831983457902548, -0.37444710411574367, 0.4532277702525479], [-0.7103895760493592, 0.10842530719558552, 0.2218377892015899, -0.6590740461299516], [-0.3124620600071784, -0.5965112379395252, -0.7392149073095103, -0.010155042063791765], [-0.4583668143482742, -0.407011444655869, 0.5139442404705752, 0.6000857148028778]], "target": [0.6458467491268016, 0.37840280925143255, 0.4359157336487693, -0.4996706552824786], "inputs": [2, 2, 2, 2], "outputs": [2, 2, 2, 2], "time_start": null, "time_complete": null, "actions": null, "score": null}, {"designers": [3], "num_inputs": [4], "num_outputs": [4], "coupling": [[-0.27977872332257364, 0.5906230936148387, 0.7415233684901061, 0.1517607368455869], [-0.6012495781173999, -0.16715040576639845, 0.06563548419132773, -0.7786216474519232], [-0.16224165782176195, 0.7472861153869087, -0.6382245298863976, -0.0889413046254509], [-0.7306849220128234, -0.25453597956066953, -0.19622570333507333, 0.602334170708304]], "target": [0.1695758848594935, 0.8009875617136248, -0.5741053866531302, -0.008120977160518688], "inputs": [3, 3, 3, 3], "outputs": [3, 3, 3, 3], "time_start": null, "time_complete": null, "actions": null, "score": null}], "max_time": 600000}, {"name": "Towering Test (Pair)", "assignments": [[0, 1], [2, 3]], "tasks": [{"designers": [0, 1], "num_inputs": [1, 1], "num_outputs": [1, 1], "coupling": [[-0.2926733186556403, -0.9562124913151335], [-0.9562124913151338, 0.2926733186556403]], "target": [0.9801481835847599, 0.19826633152276738], "inputs": [0, 1], "outputs": [0, 1], "time_start": null, "time_complete": null, "actions": null, "score": null}, {"designers": [2, 3], "num_inputs": [1, 1], "num_outputs": [1, 1], "coupling": [[-0.9619613856484241, -0.2731854544469093], [-0.2731854544469093, 0.9619613856484239]], "target": [0.5178440009626082, -0.8554750672386882], "inputs": [2, 3], "outputs": [2, 3], "time_start": null, "time_complete": null, "actions": null, "score": null}], "max_time": 180000}, {"name": "Husky Verse (Pair)", "assignments": [[0, 1], [2, 3]], "tasks": [{"designers": [0, 1], "num_inputs": [2, 2], "num_outputs": [2, 2], "coupling": [[-0.5122578613955209, -0.6839781596584238, -0.4688537272600349, 0.22347694060716136], [-0.30514867112321803, 0.7100420169061022, -0.5834285221945894, 0.2496713484352717], [-0.7470796514749798, 0.1489163385942046, 0.33457421102267754, -0.5547576189384623], [-0.29385058499558125, 0.07640769226908449, 0.5725796357213232, 0.7615551582236867]], "target": [0.45064235530360364, -0.632832394061718, 0.624068481433829, 0.08356529850009366], "inputs": [0, 0, 1, 1], "outputs": [0, 0, 1, 1], "time_start": null, "time_complete": null, "actions": null, "score": null}, {"designers": [2, 3], "num_inputs": [2, 2], "num_outputs": [2, 2], "coupling": [[-0.3486646049321272, -0.8419609977334239, -0.2916766506793912, -0.2906189997431576], [-0.613307203693708, 0.5216210346187338, -0.22638222278875889, -0.5481941803283824], [-0.2595329017438765, -0.13717320831487875, 0.9293410746245264, -0.22394497281416276], [-0.6594921834846355, 0.014024459334388659, -0.0009938155779451133, 0.7515799270827042]], "target": [-0.37406526296287357, -0.26220952148686594, -0.8332524127670698, 0.3114671130376396], "inputs": [2, 2, 3, 3], "outputs": [2, 2, 3, 3], "time_start": null, "time_complete": null, "actions": null, "score": null}], "max_time": 1200000}, {"name": "Flat Sleep (Individual)", "assignments": [[0], [1], [2], [3]], "tasks": [{"designers": [0], "num_inputs": [2], "num_outputs": [2], "coupling": [[-0.7031006202189299, -0.7110903724898516], [-0.7110903724898517, 0.7031006202189299]], "target": [-0.1854470257345342, 0.9826542630275487], "inputs": [0, 0], "outputs": [0, 0], "time_start": null, "time_complete": null, "actions": null, "score": null}, {"designers": [1], "num_inputs": [2], "num_outputs": [2], "coupling": [[-0.7272067508093325, -0.6864184886622251], [-0.6864184886622251, 0.7272067508093325]], "target": [0.9113581691999191, 0.41161424590576495], "inputs": [1, 1], "outputs": [1, 1], "time_start": null, "time_complete": null, "actions": null, "score": null}, {"designers": [2], "num_inputs": [2], "num_outputs": [2], "coupling": [[0.8377365813319395, 0.5460745556224672], [0.5460745556224671, -0.8377365813319394]], "target": [-0.9941688733115683, -0.10783436993095753], "inputs": [2, 2], "outputs": [2, 2], "time_start": null, "time_complete": null, "actions": null, "score": null}, {"designers": [3], "num_inputs": [2], "num_outputs": [2], "coupling": [[-0.8680293073948935, -0.4965129620700161], [-0.4965129620700161, 0.8680293073948937]], "target": [0.9743203605439112, -0.22516623865398283], "inputs": [3, 3], "outputs": [3, 3], "time_start": null, "time_complete": null, "actions": null, "score": null}], "max_time": 120000}]}