{"name": "experiment003", "num_designers": 4, "error_tol": 0.05, "training": [{"name": "Training Task 1/5 (Individual)", "assignments": [[0], [1], [2], [3]], "tasks": [{"designers": [0], "num_inputs": [1], "num_outputs": [1], "coupling": [[1.0]], "target": [-1.0], "inputs": [0], "outputs": [0], "time_start": null, "time_complete": null, "actions": null, "score": null}, {"designers": [1], "num_inputs": [1], "num_outputs": [1], "coupling": [[1.0]], "target": [-1.0], "inputs": [1], "outputs": [1], "time_start": null, "time_complete": null, "actions": null, "score": null}, {"designers": [2], "num_inputs": [1], "num_outputs": [1], "coupling": [[1.0]], "target": [-1.0], "inputs": [2], "outputs": [2], "time_start": null, "time_complete": null, "actions": null, "score": null}, {"designers": [3], "num_inputs": [1], "num_outputs": [1], "coupling": [[1.0]], "target": [1.0], "inputs": [3], "outputs": [3], "time_start": null, "time_complete": null, "actions": null, "score": null}], "max_time": 90000}, {"name": "Training Task 2/5 (Individual)", "assignments": [[0], [1], [2], [3]], "tasks": [{"designers": [0], "num_inputs": [2], "num_outputs": [2], "coupling": [[-0.4412153379660041, -0.8974012622810064], [-0.8974012622810064, 0.44121533796600454]], "target": [-0.9993103715329457, 0.037131945096993926], "inputs": [0, 0], "outputs": [0, 0], "time_start": null, "time_complete": null, "actions": null, "score": null}, {"designers": [1], "num_inputs": [2], "num_outputs": [2], "coupling": [[-0.5984874480244892, -0.8011321829493149], [-0.801132182949315, 0.5984874480244892]], "target": [0.6361306308613575, -0.7715813764470548], "inputs": [1, 1], "outputs": [1, 1], "time_start": null, "time_complete": null, "actions": null, "score": null}, {"designers": [2], "num_inputs": [2], "num_outputs": [2], "coupling": [[-0.7578449838882476, -0.6524346560349329], [-0.6524346560349329, 0.7578449838882478]], "target": [-0.9679444804114039, 0.2511642547041628], "inputs": [2, 2], "outputs": [2, 2], "time_start": null, "time_complete": null, "actions": null, "score": null}, {"designers": [3], "num_inputs": [2], "num_outputs": [2], "coupling": [[-0.485871351454114, -0.8740303369083664], [-0.8740303369083664, 0.4858713514541142]], "target": [-0.10737818376202735, -0.9942182485007848], "inputs": [3, 3], "outputs": [3, 3], "time_start": null, "time_complete": null, "actions": null, "score": null}], "max_time": 120000}, {"name": "Training Task 3/5 (Pair)", "assignments": [[0, 1], [2, 3]], "tasks": [{"designers": [0, 1], "num_inputs": [1, 1], "num_outputs": [1, 1], "coupling": [[-1, 0], [0, 1]], "target": [-0.9553427586485574, 0.295499938236481], "inputs": [0, 1], "outputs": [0, 1], "time_start": null, "time_complete": null, "actions": null, "score": null}, {"designers": [2, 3], "num_inputs": [1, 1], "num_outputs": [1, 1], "coupling": [[1, 0], [0, -1]], "target": [0.9648294863134959, 0.26287651538324186], "inputs": [2, 3], "outputs": [2, 3], "time_start": null, "time_complete": null, "actions": null, "score": null}], "max_time": 270000}, {"name": "Training Task 4/5 (Pair)", "assignments": [[0, 1], [2, 3]], "tasks": [{"designers": [0, 1], "num_inputs": [1, 1], "num_outputs": [1, 1], "coupling": [[-0.4757686422313656, -0.8795704628222359], [-0.8795704628222358, 0.47576864223136595]], "target": [0.6797189531145664, -0.7334726612334218], "inputs": [0, 1], "outputs": [0, 1], "time_start": null, "time_complete": null, "actions": null, "score": null}, {"designers": [2, 3], "num_inputs": [1, 1], "num_outputs": [1, 1], "coupling": [[-0.631532106610697, -0.7753497264588773], [-0.7753497264588773, 0.6315321066106968]], "target": [0.1051981983087964, -0.9944512753637471], "inputs": [2, 3], "outputs": [2, 3], "time_start": null, "time_complete": null, "actions": null, "score": null}], "max_time": 270000}, {"name": "Training Task 5/5 (Pair)", "assignments": [[0, 1], [2, 3]], "tasks": [{"designers": [0, 1], "num_inputs": [2, 1], "num_outputs": [2, 1], "coupling": [[-0.5199307939748341, -0.7510929294827194, -0.40685547895753515], [-0.11504635549631843, -0.4103836046745467, 0.904626792164227], [-0.8464256054513672, 0.5171505663686274, 0.12696056923665142]], "target": [0.23359540233417886, 0.6078879892718603, -0.7588842998160839], "inputs": [0, 0, 1], "outputs": [0, 0, 1], "time_start": null, "time_complete": null, "actions": null, "score": null}, {"designers": [2, 3], "num_inputs": [2, 1], "num_outputs": [2, 1], "coupling": [[-0.5057822337147326, 0.24563330486464294, -0.8269513961532493], [-0.7683611479863566, -0.5640712636987991, 0.3023983395032585], [-0.39218041552788424, 0.7883450317028152, 0.47403231183735056]], "target": [-0.47510508121831085, -0.8326248858689671, 0.2846242456858368], "inputs": [2, 2, 3], "outputs": [2, 2, 3], "time_start": null, "time_complete": null, "actions": null, "score": null}], "max_time": 540000}], "rounds": [{"name": "Flat Sleep (Individual)", "assignments": [[0], [1], [2], [3]], "tasks": [{"designers": [0], "num_inputs": [2], "num_outputs": [2], "coupling": [[-0.9516935689363852, -0.30704942736492147], [-0.30704942736492147, 0.9516935689363851]], "target": [0.8343381191425319, 0.5512530298743964], "inputs": [0, 0], "outputs": [0, 0], "time_start": null, "time_complete": null, "actions": null, "score": null}, {"designers": [1], "num_inputs": [2], "num_outputs": [2], "coupling": [[-0.44324588075938703, -0.896400072060369], [-0.8964000720603689, 0.4432458807593873]], "target": [-0.653522305680126, 0.7569072571844795], "inputs": [1, 1], "outputs": [1, 1], "time_start": null, "time_complete": null, "actions": null, "score": null}, {"designers": [2], "num_inputs": [2], "num_outputs": [2], "coupling": [[-0.5443779308253608, -0.838840073214375], [-0.8388400732143751, 0.5443779308253611]], "target": [0.9896267228237474, 0.14366262378618194], "inputs": [2, 2], "outputs": [2, 2], "time_start": null, "time_complete": null, "actions": null, "score": null}, {"designers": [3], "num_inputs": [2], "num_outputs": [2], "coupling": [[-0.8442179236134946, -0.5360000909045812], [-0.5360000909045811, 0.8442179236134948]], "target": [-0.8941630287989917, 0.4477415302705498], "inputs": [3, 3], "outputs": [3, 3], "time_start": null, "time_complete": null, "actions": null, "score": null}], "max_time": 120000}, {"name": "Economic Motion (Individual)", "assignments": [[0], [1], [2], [3]], "tasks": [{"designers": [0], "num_inputs": [2], "num_outputs": [2], "coupling": [[-0.8706025476451223, -0.491986995797473], [-0.4919869957974731, 0.8706025476451221]], "target": [0.9931535416174786, -0.11681627785826434], "inputs": [0, 0], "outputs": [0, 0], "time_start": null, "time_complete": null, "actions": null, "score": null}, {"designers": [1], "num_inputs": [2], "num_outputs": [2], "coupling": [[-0.9472618284046009, -0.3204606503887364], [-0.32046065038873633, 0.9472618284046012]], "target": [-0.9668418149908684, 0.25537600667479143], "inputs": [1, 1], "outputs": [1, 1], "time_start": null, "time_complete": null, "actions": null, "score": null}, {"designers": [2], "num_inputs": [2], "num_outputs": [2], "coupling": [[-0.7735253983976625, -0.6337653020115075], [-0.6337653020115075, 0.7735253983976625]], "target": [0.5769986610969087, 0.8167450918691674], "inputs": [2, 2], "outputs": [2, 2], "time_start": null, "time_complete": null, "actions": null, "score": null}, {"designers": [3], "num_inputs": [2], "num_outputs": [2], "coupling": [[-0.1715988518666513, -0.9851669066904586], [-0.9851669066904586, 0.17159885186665128]], "target": [0.7948292216707329, -0.6068331800242114], "inputs": [3, 3], "outputs": [3, 3], "time_start": null, "time_complete": null, "actions": null, "score": null}], "max_time": 120000}, {"name": "Unwritten Experience (Individual)", "assignments": [[0], [1], [2], [3]], "tasks": [{"designers": [0], "num_inputs": [3], "num_outputs": [3], "coupling": [[-0.8645356583133464, 0.5020986782743235, -0.021794787906415793], [-0.4500879046286314, -0.7928184162525992, -0.4109255856693865], [-0.22360450266422716, -0.3454502513038565, 0.9114083334391814]], "target": [0.14245487637049203, -0.7104771788456786, -0.6891507719924236], "inputs": [0, 0, 0], "outputs": [0, 0, 0], "time_start": null, "time_complete": null, "actions": null, "score": null}, {"designers": [1], "num_inputs": [3], "num_outputs": [3], "coupling": [[-0.5032580610822508, -0.07061485173947502, -0.8612461127166522], [-0.6478181143073309, -0.628766785052144, 0.4300976874972532], [-0.5718942338676153, 0.7743809609804483, 0.2706863730223042]], "target": [-0.8001429697799567, -0.5942235452309047, 0.08166765703095691], "inputs": [1, 1, 1], "outputs": [1, 1, 1], "time_start": null, "time_complete": null, "actions": null, "score": null}, {"designers": [2], "num_inputs": [3], "num_outputs": [3], "coupling": [[-0.23761245409801768, 0.8014576728890029, -0.5488223029586728], [-0.6256103111188783, -0.5584837749495891, -0.5447087402821773], [-0.7430693509217408, 0.21391931115586668, 0.6341028844243984]], "target": [-0.5594895870032992, -0.06170340907432795, 0.8265374107343743], "inputs": [2, 2, 2], "outputs": [2, 2, 2], "time_start": null, "time_complete": null, "actions": null, "score": null}, {"designers": [3], "num_inputs": [3], "num_outputs": [3], "coupling": [[-0.7368728241776312, 0.653601512772962, 0.17269482762774901], [-0.4886961516325268, -0.33849494531516294, -0.8041127056424637], [-0.4671129546138072, -0.6769240980324017, 0.5688402703175811]], "target": [-0.2504448941216504, 0.9552151433971725, 0.15761149968550664], "inputs": [3, 3, 3], "outputs": [3, 3, 3], "time_start": null, "time_complete": null, "actions": null, "score": null}], "max_time": 240000}, {"name": "Noiseless Stone (Individual)", "assignments": [[0], [1], [2], [3]], "tasks": [{"designers": [0], "num_inputs": [3], "num_outputs": [3], "coupling": [[-0.7357616894972382, -0.39090600428235533, -0.5530345668076925], [-0.2632789701989829, -0.5872707458524885, 0.7653739314327503], [-0.6239702878496157, 0.7087351881216739, 0.32917398590867236]], "target": [0.7799685574793738, -0.41190503270313705, 0.4711510303261283], "inputs": [0, 0, 0], "outputs": [0, 0, 0], "time_start": null, "time_complete": null, "actions": null, "score": null}, {"designers": [1], "num_inputs": [3], "num_outputs": [3], "coupling": [[-0.8277461878084998, -0.21352871160623643, -0.5188850912179662], [-0.5217772137862933, -0.04718228708632742, 0.8517760098516018], [-0.2063608192993748, 0.9757967621923553, -0.07235945793748513]], "target": [-0.8850930063888411, -0.2069758647425239, 0.4168589227252397], "inputs": [1, 1, 1], "outputs": [1, 1, 1], "time_start": null, "time_complete": null, "actions": null, "score": null}, {"designers": [2], "num_inputs": [3], "num_outputs": [3], "coupling": [[-0.3458997281007917, -0.28021631541633074, -0.8954508331976101], [-0.6230435539396053, -0.6449824544268762, 0.44250916756129344], [-0.7015483646863594, 0.7109686702351787, 0.04851228658718556]], "target": [-0.7859733066215302, 0.11240260109870925, -0.6079569199743208], "inputs": [2, 2, 2], "outputs": [2, 2, 2], "time_start": null, "time_complete": null, "actions": null, "score": null}, {"designers": [3], "num_inputs": [3], "num_outputs": [3], "coupling": [[-0.5188220828243528, 0.08124610514135581, -0.8510127594655439], [-0.6351489363050251, -0.7029328797986412, 0.32011122318435536], [-0.572197059660739, 0.7066006205045031, 0.4163004780423102]], "target": [0.30255831948012535, -0.9155871816190937, 0.2648746423653413], "inputs": [3, 3, 3], "outputs": [3, 3, 3], "time_start": null, "time_complete": null, "actions": null, "score": null}], "max_time": 240000}, {"name": "Staking System (Pair)", "assignments": [[0, 1], [2, 3]], "tasks": [{"designers": [0, 1], "num_inputs": [1, 1], "num_outputs": [1, 1], "coupling": [[-0.2944020558763491, -0.9556816569840497], [-0.9556816569840497, 0.29440205587634893]], "target": [0.5889821703050528, -0.8081460283035176], "inputs": [0, 1], "outputs": [0, 1], "time_start": null, "time_complete": null, "actions": null, "score": null}, {"designers": [2, 3], "num_inputs": [1, 1], "num_outputs": [1, 1], "coupling": [[-0.6808667868631191, -0.7324072764157196], [-0.7324072764157195, 0.680866786863119]], "target": [-0.9654407267082066, -0.2606227219816611], "inputs": [2, 3], "outputs": [2, 3], "time_start": null, "time_complete": null, "actions": null, "score": null}], "max_time": 180000}, {"name": "Towering Test (Pair)", "assignments": [[0, 1], [2, 3]], "tasks": [{"designers": [0, 1], "num_inputs": [1, 1], "num_outputs": [1, 1], "coupling": [[-0.16061640005347758, -0.987016905647447], [-0.9870169056474472, 0.16061640005347777]], "target": [0.5223516695274382, -0.8527301644376715], "inputs": [0, 1], "outputs": [0, 1], "time_start": null, "time_complete": null, "actions": null, "score": null}, {"designers": [2, 3], "num_inputs": [1, 1], "num_outputs": [1, 1], "coupling": [[-0.6851123133968652, -0.7284374496358598], [-0.7284374496358599, 0.6851123133968651]], "target": [0.9409268168562046, 0.33860998998973785], "inputs": [2, 3], "outputs": [2, 3], "time_start": null, "time_complete": null, "actions": null, "score": null}], "max_time": 180000}, {"name": "Thinkable Ink (Pair)", "assignments": [[0, 1], [2, 3]], "tasks": [{"designers": [0, 1], "num_inputs": [1, 1], "num_outputs": [1, 1], "coupling": [[-0.4961040146974689, -0.868263097569541], [-0.868263097569541, 0.49610401469746884]], "target": [0.9847975336403609, 0.17370612463543733], "inputs": [0, 1], "outputs": [0, 1], "time_start": null, "time_complete": null, "actions": null, "score": null}, {"designers": [2, 3], "num_inputs": [1, 1], "num_outputs": [1, 1], "coupling": [[-0.15188781175182411, -0.9883977401032655], [-0.9883977401032655, 0.15188781175182398]], "target": [-0.708080698323083, -0.7061315207964415], "inputs": [2, 3], "outputs": [2, 3], "time_start": null, "time_complete": null, "actions": null, "score": null}], "max_time": 180000}, {"name": "Better Behavior (Pair)", "assignments": [[0, 1], [2, 3]], "tasks": [{"designers": [0, 1], "num_inputs": [2, 1], "num_outputs": [2, 1], "coupling": [[0.3875235087511337, 0.16627566324108262, -0.9067402792304684], [0.2616412104532526, 0.9233129925862141, 0.2811351893912357], [0.8839510207911783, -0.34618711925088647, 0.31430092476320487]], "target": [0.5327379299715698, 0.11111042044535319, -0.8389545711408118], "inputs": [0, 0, 1], "outputs": [0, 0, 1], "time_start": null, "time_complete": null, "actions": null, "score": null}, {"designers": [2, 3], "num_inputs": [2, 1], "num_outputs": [2, 1], "coupling": [[-0.7283186099925771, 0.6851908429583798, -0.008093890564177237], [-0.5064247730215603, -0.546182447633662, -0.6672470930374768], [-0.46161233909909843, -0.4818695286308182, 0.7447924581845417]], "target": [0.888658665207025, -0.2221965466547602, 0.4011414605936015], "inputs": [2, 2, 3], "outputs": [2, 2, 3], "time_start": null, "time_complete": null, "actions": null, "score": null}], "max_time": 360000}, {"name": "Hallowed Sign (Pair)", "assignments": [[1, 0], [3, 2]], "tasks": [{"designers": [1, 0], "num_inputs": [2, 1], "num_outputs": [2, 1], "coupling": [[-0.7498040751856974, 0.16516729424081908, -0.6407133631727121], [-0.511822528631147, -0.7584651277969026, 0.40344559621050186], [-0.4193227253805118, 0.6304366858211818, 0.6532365858938587]], "target": [-0.5409273571600528, 0.7027177320202487, -0.4621529869860832], "inputs": [1, 1, 0], "outputs": [1, 1, 0], "time_start": null, "time_complete": null, "actions": null, "score": null}, {"designers": [3, 2], "num_inputs": [2, 1], "num_outputs": [2, 1], "coupling": [[-0.6174431930443235, 0.7809602109200194, 0.09415440681661795], [-0.7450887193416442, -0.5422659937113478, -0.38831738613416916], [-0.2522036948045355, -0.3099173132046728, 0.9167030900476651]], "target": [-0.023233029188022503, -0.9980837730030099, 0.057349877269483415], "inputs": [3, 3, 2], "outputs": [3, 3, 2], "time_start": null, "time_complete": null, "actions": null, "score": null}], "max_time": 360000}, {"name": "Absorbed Copper (Pair)", "assignments": [[1, 0], [3, 2]], "tasks": [{"designers": [1, 0], "num_inputs": [2, 1], "num_outputs": [2, 1], "coupling": [[-0.7280993387455013, 0.5717974211454114, -0.3780463755808546], [-0.4257495366057979, -0.8094674562019072, -0.4043510472719981], [-0.5372231240353599, -0.13345466092074237, 0.832815206681661]], "target": [0.16555870143384688, -0.29332373321171173, 0.9415686400439869], "inputs": [1, 1, 0], "outputs": [1, 1, 0], "time_start": null, "time_complete": null, "actions": null, "score": null}, {"designers": [3, 2], "num_inputs": [2, 1], "num_outputs": [2, 1], "coupling": [[-0.5161392054883276, 0.7839336014301095, 0.3450339535563076], [-0.7292107704618029, -0.19088839806614774, -0.6571250046423768], [-0.4492793928062829, -0.590770452910907, 0.6701778116045469]], "target": [0.1706533619637054, 0.6476297882905183, -0.7425988738001579], "inputs": [3, 3, 2], "outputs": [3, 3, 2], "time_start": null, "time_complete": null, "actions": null, "score": null}], "max_time": 360000}]}