{"name": "experiment006", "num_designers": 4, "error_tol": 0.05, "training": [{"name": "Training Task 1/5 (Individual)", "assignments": [[0], [1], [2], [3]], "tasks": [{"designers": [0], "num_inputs": [1], "num_outputs": [1], "coupling": [[1.0]], "target": [1.0], "inputs": [0], "outputs": [0], "time_start": null, "time_complete": null, "actions": null, "score": null}, {"designers": [1], "num_inputs": [1], "num_outputs": [1], "coupling": [[1.0]], "target": [1.0], "inputs": [1], "outputs": [1], "time_start": null, "time_complete": null, "actions": null, "score": null}, {"designers": [2], "num_inputs": [1], "num_outputs": [1], "coupling": [[1.0]], "target": [1.0], "inputs": [2], "outputs": [2], "time_start": null, "time_complete": null, "actions": null, "score": null}, {"designers": [3], "num_inputs": [1], "num_outputs": [1], "coupling": [[1.0]], "target": [1.0], "inputs": [3], "outputs": [3], "time_start": null, "time_complete": null, "actions": null, "score": null}], "max_time": 90000}, {"name": "Training Task 2/5 (Individual)", "assignments": [[0], [1], [2], [3]], "tasks": [{"designers": [0], "num_inputs": [2], "num_outputs": [2], "coupling": [[0.31891251362385126, 0.9477841572078087], [0.947784157207809, -0.3189125136238514]], "target": [0.8595308862163946, -0.5110838049088033], "inputs": [0, 0], "outputs": [0, 0], "time_start": null, "time_complete": null, "actions": null, "score": null}, {"designers": [1], "num_inputs": [2], "num_outputs": [2], "coupling": [[-0.5101187259627182, -0.8601039968644334], [-0.8601039968644333, 0.5101187259627183]], "target": [0.39247862376478304, -0.9197611265365057], "inputs": [1, 1], "outputs": [1, 1], "time_start": null, "time_complete": null, "actions": null, "score": null}, {"designers": [2], "num_inputs": [2], "num_outputs": [2], "coupling": [[-0.7301982288595251, -0.6832353522545598], [-0.6832353522545598, 0.7301982288595251]], "target": [0.8280699965768155, -0.560624723651457], "inputs": [2, 2], "outputs": [2, 2], "time_start": null, "time_complete": null, "actions": null, "score": null}, {"designers": [3], "num_inputs": [2], "num_outputs": [2], "coupling": [[-0.1607151509709939, -0.9870008309258762], [-0.9870008309258762, 0.16071515097099426]], "target": [-0.6229667461745483, 0.7822483193722414], "inputs": [3, 3], "outputs": [3, 3], "time_start": null, "time_complete": null, "actions": null, "score": null}], "max_time": 120000}, {"name": "Training Task 3/5 (Pair)", "assignments": [[0, 1], [2, 3]], "tasks": [{"designers": [0, 1], "num_inputs": [1, 1], "num_outputs": [1, 1], "coupling": [[1, 0], [0, 1]], "target": [0.6473209553062544, -0.7622175416647127], "inputs": [0, 1], "outputs": [0, 1], "time_start": null, "time_complete": null, "actions": null, "score": null}, {"designers": [2, 3], "num_inputs": [1, 1], "num_outputs": [1, 1], "coupling": [[-1, 0], [0, 1]], "target": [0.9786752569805726, -0.20541358614758237], "inputs": [2, 3], "outputs": [2, 3], "time_start": null, "time_complete": null, "actions": null, "score": null}], "max_time": 270000}, {"name": "Training Task 4/5 (Pair)", "assignments": [[0, 1], [2, 3]], "tasks": [{"designers": [0, 1], "num_inputs": [1, 1], "num_outputs": [1, 1], "coupling": [[-0.7326099966210327, -0.6806486559532241], [-0.680648655953224, 0.7326099966210328]], "target": [0.962104983835776, 0.2726792989545798], "inputs": [0, 1], "outputs": [0, 1], "time_start": null, "time_complete": null, "actions": null, "score": null}, {"designers": [2, 3], "num_inputs": [1, 1], "num_outputs": [1, 1], "coupling": [[-0.6933463153667996, -0.7206045288279016], [-0.7206045288279016, 0.6933463153667997]], "target": [-0.28659900687977924, -0.9580506297975719], "inputs": [2, 3], "outputs": [2, 3], "time_start": null, "time_complete": null, "actions": null, "score": null}], "max_time": 270000}, {"name": "Training Task 5/5 (Pair)", "assignments": [[0, 1], [2, 3]], "tasks": [{"designers": [0, 1], "num_inputs": [2, 1], "num_outputs": [2, 1], "coupling": [[-0.6211366609275538, -0.7342319364581488, -0.2740304945378991], [-0.31756267770429, -0.08386694305189193, 0.9445211917116586], [-0.7164797234961013, 0.6736985968131799, -0.18107182682820236]], "target": [-0.093922135932762, 0.5285678805736183, -0.8436792210358988], "inputs": [0, 0, 1], "outputs": [0, 0, 1], "time_start": null, "time_complete": null, "actions": null, "score": null}, {"designers": [2, 3], "num_inputs": [2, 1], "num_outputs": [2, 1], "coupling": [[-0.7467432896558069, 0.34730105766088337, -0.5672357840454499], [-0.41833201275824217, -0.9082781721560006, -0.0053934299469427195], [-0.5170810250392702, 0.2332653796271245, 0.8235377806826784]], "target": [-0.2205542170588357, 0.6638996712016227, 0.714557950005415], "inputs": [2, 2, 3], "outputs": [2, 2, 3], "time_start": null, "time_complete": null, "actions": null, "score": null}], "max_time": 540000}], "rounds": [{"name": "Flat Sleep (Individual)", "assignments": [[0], [1], [2], [3]], "tasks": [{"designers": [0], "num_inputs": [2], "num_outputs": [2], "coupling": [[-0.97440907427122, -0.22478201880467213], [-0.22478201880467216, 0.9744090742712199]], "target": [0.16386289416046762, 0.9864831229764428], "inputs": [0, 0], "outputs": [0, 0], "time_start": null, "time_complete": null, "actions": null, "score": null}, {"designers": [1], "num_inputs": [2], "num_outputs": [2], "coupling": [[-0.7724660236142249, -0.6350560938701617], [-0.6350560938701617, 0.7724660236142251]], "target": [0.49097231662732854, 0.871175174293663], "inputs": [1, 1], "outputs": [1, 1], "time_start": null, "time_complete": null, "actions": null, "score": null}, {"designers": [2], "num_inputs": [2], "num_outputs": [2], "coupling": [[-0.7689318684890224, -0.6393307294522771], [-0.6393307294522772, 0.7689318684890225]], "target": [-0.4023973573792896, 0.9154651095340359], "inputs": [2, 2], "outputs": [2, 2], "time_start": null, "time_complete": null, "actions": null, "score": null}, {"designers": [3], "num_inputs": [2], "num_outputs": [2], "coupling": [[-0.28037118857035664, -0.9598916587926192], [-0.9598916587926192, 0.28037118857035603]], "target": [-0.8610111629488022, -0.5085860569043854], "inputs": [3, 3], "outputs": [3, 3], "time_start": null, "time_complete": null, "actions": null, "score": null}], "max_time": 120000}, {"name": "Economic Motion (Individual)", "assignments": [[0], [1], [2], [3]], "tasks": [{"designers": [0], "num_inputs": [2], "num_outputs": [2], "coupling": [[-0.9655289509897281, -0.26029568724947266], [-0.2602956872494728, 0.965528950989728]], "target": [0.7120188489349384, 0.7021603511744063], "inputs": [0, 0], "outputs": [0, 0], "time_start": null, "time_complete": null, "actions": null, "score": null}, {"designers": [1], "num_inputs": [2], "num_outputs": [2], "coupling": [[0.7531783587762538, 0.6578163572541421], [0.657816357254142, -0.7531783587762536]], "target": [0.3382205176470241, -0.9410668846806688], "inputs": [1, 1], "outputs": [1, 1], "time_start": null, "time_complete": null, "actions": null, "score": null}, {"designers": [2], "num_inputs": [2], "num_outputs": [2], "coupling": [[-0.7328939118478499, -0.6803429385070117], [-0.6803429385070117, 0.73289391184785]], "target": [0.9479815682589989, -0.31832522086886084], "inputs": [2, 2], "outputs": [2, 2], "time_start": null, "time_complete": null, "actions": null, "score": null}, {"designers": [3], "num_inputs": [2], "num_outputs": [2], "coupling": [[-0.8728380361704872, -0.4880100025758155], [-0.48801000257581556, 0.8728380361704872]], "target": [-0.4470504483594815, -0.8945087459726632], "inputs": [3, 3], "outputs": [3, 3], "time_start": null, "time_complete": null, "actions": null, "score": null}], "max_time": 120000}, {"name": "Unwritten Experience (Individual)", "assignments": [[0], [1], [2], [3]], "tasks": [{"designers": [0], "num_inputs": [3], "num_outputs": [3], "coupling": [[-0.6406331073247675, 0.48150334741655765, -0.5981168349294836], [-0.44225262219663136, -0.868156429970399, -0.22520442105175295], [-0.627695658707002, 0.12024533058585404, 0.7691158693673417]], "target": [0.8612759849030862, -0.49128496776421293, -0.1297796527893903], "inputs": [0, 0, 0], "outputs": [0, 0, 0], "time_start": null, "time_complete": null, "actions": null, "score": null}, {"designers": [1], "num_inputs": [3], "num_outputs": [3], "coupling": [[-0.6008933937751462, 0.7561946467034655, 0.25903047236649335], [-0.7305181377297082, -0.3879916648641146, -0.5619659406439966], [-0.3244539717206538, -0.5269080795480307, 0.7855555333276569]], "target": [0.9879167382005016, 0.12102868199823284, 0.09681206803416707], "inputs": [1, 1, 1], "outputs": [1, 1, 1], "time_start": null, "time_complete": null, "actions": null, "score": null}, {"designers": [2], "num_inputs": [3], "num_outputs": [3], "coupling": [[-0.6390120327216645, 0.6962214144872602, 0.32701584678159656], [-0.5140662288864931, -0.0702937321502467, -0.8548653130983903], [-0.5721883731389044, -0.7143770245673836, 0.40282245768440744]], "target": [-0.7817059111905005, -0.5344284327323011, 0.3214375813390926], "inputs": [2, 2, 2], "outputs": [2, 2, 2], "time_start": null, "time_complete": null, "actions": null, "score": null}, {"designers": [3], "num_inputs": [3], "num_outputs": [3], "coupling": [[-0.554286795527787, 0.6106914008820402, -0.5655282143202653], [-0.6918086691770446, -0.7158145529595373, -0.09492255276183957], [-0.4627817126410935, 0.33862300373729576, 0.8192481600741669]], "target": [-0.48504679255005567, -0.579023348667779, 0.6553331753653674], "inputs": [3, 3, 3], "outputs": [3, 3, 3], "time_start": null, "time_complete": null, "actions": null, "score": null}], "max_time": 240000}, {"name": "Noiseless Stone (Individual)", "assignments": [[0], [1], [2], [3]], "tasks": [{"designers": [0], "num_inputs": [3], "num_outputs": [3], "coupling": [[-0.8592828399433268, 0.5114922251461298, -0.002950354892664262], [-0.4569076440486944, -0.7701506423326991, -0.44508807322192134], [-0.2299313066739789, -0.381108503879921, 0.8954819386685613]], "target": [0.6400072921038369, -0.6276889085638163, 0.44316735001563395], "inputs": [0, 0, 0], "outputs": [0, 0, 0], "time_start": null, "time_complete": null, "actions": null, "score": null}, {"designers": [1], "num_inputs": [3], "num_outputs": [3], "coupling": [[-0.6400481562969222, 0.29226414373660614, -0.7105772497813445], [-0.6145169632701024, -0.7498633417102558, 0.24509971565144567], [-0.4612019725393668, 0.5935373948160602, 0.6595499234180543]], "target": [0.5196601045758802, -0.7201314092663526, -0.459743547100166], "inputs": [1, 1, 1], "outputs": [1, 1, 1], "time_start": null, "time_complete": null, "actions": null, "score": null}, {"designers": [2], "num_inputs": [3], "num_outputs": [3], "coupling": [[-0.30872468188106567, -0.19706986526508247, -0.9305119768180514], [-0.5832194277918047, -0.7335864594353358, 0.3488638782954298], [-0.751361544027664, 0.6503955525197959, 0.11154127226652154]], "target": [-0.1484895117631615, 0.14214424539030165, 0.9786449194670965], "inputs": [2, 2, 2], "outputs": [2, 2, 2], "time_start": null, "time_complete": null, "actions": null, "score": null}, {"designers": [3], "num_inputs": [3], "num_outputs": [3], "coupling": [[-0.7909920016374594, 0.5311959828560139, 0.303582741840176], [-0.42505833895205875, -0.12021806236811808, -0.8971471595941057], [-0.4400648382146455, -0.8386766035118, 0.3208808079163181]], "target": [-0.1005018298397704, -0.9012031267205652, -0.42158309570941593], "inputs": [3, 3, 3], "outputs": [3, 3, 3], "time_start": null, "time_complete": null, "actions": null, "score": null}], "max_time": 240000}, {"name": "Staking System (Pair)", "assignments": [[0, 1], [2, 3]], "tasks": [{"designers": [0, 1], "num_inputs": [1, 1], "num_outputs": [1, 1], "coupling": [[-0.07859677612992051, -0.9969064884842425], [-0.9969064884842426, 0.07859677612992058]], "target": [0.6690239224221699, -0.743240870261354], "inputs": [0, 1], "outputs": [0, 1], "time_start": null, "time_complete": null, "actions": null, "score": null}, {"designers": [2, 3], "num_inputs": [1, 1], "num_outputs": [1, 1], "coupling": [[-0.6933759222097594, -0.7205760407477935], [-0.7205760407477935, 0.6933759222097594]], "target": [-0.4724477281417834, -0.8813586921189736], "inputs": [2, 3], "outputs": [2, 3], "time_start": null, "time_complete": null, "actions": null, "score": null}], "max_time": 180000}, {"name": "Towering Test (Pair)", "assignments": [[0, 1], [2, 3]], "tasks": [{"designers": [0, 1], "num_inputs": [1, 1], "num_outputs": [1, 1], "coupling": [[-0.11435315766028774, -0.9934401619288007], [-0.9934401619288005, 0.11435315766028745]], "target": [0.9924747019398983, 0.12244985099750108], "inputs": [0, 1], "outputs": [0, 1], "time_start": null, "time_complete": null, "actions": null, "score": null}, {"designers": [2, 3], "num_inputs": [1, 1], "num_outputs": [1, 1], "coupling": [[-0.061553919312524706, -0.9981037596448915], [-0.9981037596448914, 0.061553919312524664]], "target": [-0.6714222893209187, -0.7410749688142604], "inputs": [2, 3], "outputs": [2, 3], "time_start": null, "time_complete": null, "actions": null, "score": null}], "max_time": 180000}, {"name": "Thinkable Ink (Pair)", "assignments": [[0, 1], [2, 3]], "tasks": [{"designers": [0, 1], "num_inputs": [1, 1], "num_outputs": [1, 1], "coupling": [[-0.7545685338936327, -0.6562212490140914], [-0.6562212490140913, 0.7545685338936327]], "target": [0.9049950744333752, 0.4254220436828929], "inputs": [0, 1], "outputs": [0, 1], "time_start": null, "time_complete": null, "actions": null, "score": null}, {"designers": [2, 3], "num_inputs": [1, 1], "num_outputs": [1, 1], "coupling": [[-0.7066295794146826, -0.7075836611286532], [-0.7075836611286532, 0.7066295794146826]], "target": [-0.9281088691472441, -0.37230891341763944], "inputs": [2, 3], "outputs": [2, 3], "time_start": null, "time_complete": null, "actions": null, "score": null}], "max_time": 180000}, {"name": "Better Behavior (Pair)", "assignments": [[0, 1], [2, 3]], "tasks": [{"designers": [0, 1], "num_inputs": [2, 1], "num_outputs": [2, 1], "coupling": [[-0.5219172653995263, 0.8278413508457051, 0.2056236025067116], [-0.6329143146774168, -0.21422742229806982, -0.7439933345211773], [-0.5718582327415561, -0.5184450880908053, 0.6357616316515347]], "target": [0.8616836021288099, -0.20244840975011152, 0.4653128100664863], "inputs": [0, 0, 1], "outputs": [0, 0, 1], "time_start": null, "time_complete": null, "actions": null, "score": null}, {"designers": [2, 3], "num_inputs": [2, 1], "num_outputs": [2, 1], "coupling": [[-0.5646364708316937, -0.1064736413863645, -0.8184430459700043], [-0.42306479551046877, -0.814117697621709, 0.3977795284058918], [-0.7086620030779244, 0.5708552689684627, 0.41463529430636786]], "target": [-0.43142978074606386, 0.010420524752801343, 0.9020863356404858], "inputs": [2, 2, 3], "outputs": [2, 2, 3], "time_start": null, "time_complete": null, "actions": null, "score": null}], "max_time": 360000}, {"name": "Hallowed Sign (Pair)", "assignments": [[1, 0], [3, 2]], "tasks": [{"designers": [1, 0], "num_inputs": [2, 1], "num_outputs": [2, 1], "coupling": [[-0.7096390917693153, -0.5270738381444504, 0.46755270138937194], [-0.5252006159612231, 0.8380750853163842, 0.1476294833896248], [-0.4696559085402554, -0.14079531425304534, -0.8715503468289215]], "target": [0.3230036405125707, 0.053301844505043494, 0.9448955294570857], "inputs": [1, 1, 0], "outputs": [1, 1, 0], "time_start": null, "time_complete": null, "actions": null, "score": null}, {"designers": [3, 2], "num_inputs": [2, 1], "num_outputs": [2, 1], "coupling": [[-0.6942089981929696, -0.11924196541820342, -0.7098275991472278], [-0.3781273749714983, -0.7787154548407198, 0.500621542374451], [-0.6124488183718518, 0.615941226153449, 0.49550262441233156]], "target": [0.24458393279879087, 0.8062531634305057, 0.538641380024761], "inputs": [3, 3, 2], "outputs": [3, 3, 2], "time_start": null, "time_complete": null, "actions": null, "score": null}], "max_time": 360000}, {"name": "Absorbed Copper (Pair)", "assignments": [[1, 0], [3, 2]], "tasks": [{"designers": [1, 0], "num_inputs": [2, 1], "num_outputs": [2, 1], "coupling": [[-0.5626153576966221, 0.7927748552795745, 0.2344610588570131], [-0.605392553794096, -0.20194351602670543, -0.7698822456359377], [-0.5629953952694147, -0.5750885541994567, 0.5935565177253249]], "target": [-0.6645518077855272, -0.7243033369077299, -0.183726892188692], "inputs": [1, 1, 0], "outputs": [1, 1, 0], "time_start": null, "time_complete": null, "actions": null, "score": null}, {"designers": [3, 2], "num_inputs": [2, 1], "num_outputs": [2, 1], "coupling": [[-0.7197934228582817, 0.6155191413804506, -0.32098849668521146], [-0.6582008501443105, -0.7520836081446289, 0.03379182193170184], [-0.22061067353885178, 0.2355980325775878, 0.9464800567187375]], "target": [0.31031282345895606, -0.4456132044413769, -0.8397230636492119], "inputs": [3, 3, 2], "outputs": [3, 3, 2], "time_start": null, "time_complete": null, "actions": null, "score": null}], "max_time": 360000}]}