{"name": "experiment003", "num_designers": 4, "error_tol": 0.05, "training": [{"name": "Training Task 1/5 (Individual)", "assignments": [[0], [1], [2], [3]], "tasks": [{"designers": [0], "num_inputs": [1], "num_outputs": [1], "coupling": [[1.0]], "target": [-1.0], "inputs": [0], "outputs": [0], "time_start": null, "time_complete": null, "actions": null, "score": null}, {"designers": [1], "num_inputs": [1], "num_outputs": [1], "coupling": [[1.0]], "target": [-1.0], "inputs": [1], "outputs": [1], "time_start": null, "time_complete": null, "actions": null, "score": null}, {"designers": [2], "num_inputs": [1], "num_outputs": [1], "coupling": [[1.0]], "target": [-1.0], "inputs": [2], "outputs": [2], "time_start": null, "time_complete": null, "actions": null, "score": null}, {"designers": [3], "num_inputs": [1], "num_outputs": [1], "coupling": [[1.0]], "target": [1.0], "inputs": [3], "outputs": [3], "time_start": null, "time_complete": null, "actions": null, "score": null}]}, {"name": "Training Task 2/5 (Individual)", "assignments": [[0], [1], [2], [3]], "tasks": [{"designers": [0], "num_inputs": [2], "num_outputs": [2], "coupling": [[-0.4412153379660041, -0.8974012622810064], [-0.8974012622810064, 0.44121533796600454]], "target": [-0.9993103715329457, 0.037131945096993926], "inputs": [0, 0], "outputs": [0, 0], "time_start": null, "time_complete": null, "actions": null, "score": null}, {"designers": [1], "num_inputs": [2], "num_outputs": [2], "coupling": [[-0.5984874480244892, -0.8011321829493149], [-0.801132182949315, 0.5984874480244892]], "target": [0.6361306308613575, -0.7715813764470548], "inputs": [1, 1], "outputs": [1, 1], "time_start": null, "time_complete": null, "actions": null, "score": null}, {"designers": [2], "num_inputs": [2], "num_outputs": [2], "coupling": [[-0.7578449838882476, -0.6524346560349329], [-0.6524346560349329, 0.7578449838882478]], "target": [-0.9679444804114039, 0.2511642547041628], "inputs": [2, 2], "outputs": [2, 2], "time_start": null, "time_complete": null, "actions": null, "score": null}, {"designers": [3], "num_inputs": [2], "num_outputs": [2], "coupling": [[-0.485871351454114, -0.8740303369083664], [-0.8740303369083664, 0.4858713514541142]], "target": [-0.10737818376202735, -0.9942182485007848], "inputs": [3, 3], "outputs": [3, 3], "time_start": null, "time_complete": null, "actions": null, "score": null}]}, {"name": "Training Task 3/5 (Pair)", "assignments": [[0, 1], [2, 3]], "tasks": [{"designers": [0, 1], "num_inputs": [1, 1], "num_outputs": [1, 1], "coupling": [[-0.7834268250093196, -0.6214840382952862], [-0.6214840382952862, 0.7834268250093197]], "target": [0.9648294863134959, 0.26287651538324186], "inputs": [0, 1], "outputs": [0, 1], "time_start": null, "time_complete": null, "actions": null, "score": null}, {"designers": [2, 3], "num_inputs": [1, 1], "num_outputs": [1, 1], "coupling": [[-0.4757686422313656, -0.8795704628222359], [-0.8795704628222358, 0.47576864223136595]], "target": [0.6797189531145664, -0.7334726612334218], "inputs": [2, 3], "outputs": [2, 3], "time_start": null, "time_complete": null, "actions": null, "score": null}]}, {"name": "Training Task 4/5 (Pair)", "assignments": [[0, 1], [2, 3]], "tasks": [{"designers": [0, 1], "num_inputs": [2, 1], "num_outputs": [2, 1], "coupling": [[-0.5875848451763427, 0.3963924048481696, -0.7054198119543976], [-0.5753502027198465, -0.8176680839908926, 0.019774950136323993], [-0.5689606260096782, 0.41748289282478057, 0.7085138250234272]], "target": [-0.2672883163368025, 0.7845826905077014, 0.559452373044868], "inputs": [0, 0, 1], "outputs": [0, 0, 1], "time_start": null, "time_complete": null, "actions": null, "score": null}, {"designers": [2, 3], "num_inputs": [2, 1], "num_outputs": [2, 1], "coupling": [[-0.6233259212622296, -0.6137394246824517, 0.4845500123548084], [-0.3205449660888002, 0.7657506040781625, 0.5575633928703159], [-0.7132431006309995, 0.19222364824438423, -0.6740432838163263]], "target": [-0.47510508121831085, -0.8326248858689671, 0.2846242456858368], "inputs": [2, 2, 3], "outputs": [2, 2, 3], "time_start": null, "time_complete": null, "actions": null, "score": null}]}, {"name": "Training Task 5/5 (Pair)", "assignments": [[1, 0], [3, 2]], "tasks": [{"designers": [1, 0], "num_inputs": [2, 1], "num_outputs": [2, 1], "coupling": [[-0.5398266545377314, 0.8228395654812498, -0.17754501550093857], [-0.6308969263984022, -0.5351213023791418, -0.5617955678012241], [-0.5572757408246384, -0.19125961732336105, 0.8079996952163235]], "target": [0.4716900095900738, -0.6210614219987435, 0.625932300618697], "inputs": [1, 1, 0], "outputs": [1, 1, 0], "time_start": null, "time_complete": null, "actions": null, "score": null}, {"designers": [3, 2], "num_inputs": [2, 1], "num_outputs": [2, 1], "coupling": [[-0.6478901092442573, 0.3290809954375296, 0.6869818809730783], [-0.5828334358998092, 0.36651658355792155, -0.7252384297417315], [-0.4904524363694073, -0.8702708155619572, -0.045663062100989034]], "target": [0.6859351036706105, 0.2597896410222972, -0.6797075665092269], "inputs": [3, 3, 2], "outputs": [3, 3, 2], "time_start": null, "time_complete": null, "actions": null, "score": null}]}], "rounds": [{"name": "Economic Motion (Individual)", "assignments": [[0], [1], [2], [3]], "tasks": [{"designers": [0], "num_inputs": [2], "num_outputs": [2], "coupling": [[-0.7790910759918654, -0.6269107554587311], [-0.626910755458731, 0.7790910759918653]], "target": [-0.8466870319967861, 0.5320912232394681], "inputs": [0, 0], "outputs": [0, 0], "time_start": null, "time_complete": null, "actions": null, "score": null}, {"designers": [1], "num_inputs": [2], "num_outputs": [2], "coupling": [[0.17789187708107282, 0.9840500394129218], [0.9840500394129216, -0.1778918770810727]], "target": [0.4871104246669542, -0.873340388497394], "inputs": [1, 1], "outputs": [1, 1], "time_start": null, "time_complete": null, "actions": null, "score": null}, {"designers": [2], "num_inputs": [2], "num_outputs": [2], "coupling": [[-0.819121087848965, -0.5736206441901549], [-0.5736206441901549, 0.819121087848965]], "target": [0.2462328096451749, 0.9692107115866203], "inputs": [2, 2], "outputs": [2, 2], "time_start": null, "time_complete": null, "actions": null, "score": null}, {"designers": [3], "num_inputs": [2], "num_outputs": [2], "coupling": [[-0.6195571944365444, -0.7849515162237207], [-0.7849515162237208, 0.6195571944365442]], "target": [0.2838423738688356, 0.9588709541937873], "inputs": [3, 3], "outputs": [3, 3], "time_start": null, "time_complete": null, "actions": null, "score": null}]}, {"name": "Noiseless Stone (Individual)", "assignments": [[0], [1], [2], [3]], "tasks": [{"designers": [0], "num_inputs": [3], "num_outputs": [3], "coupling": [[-0.5436388647251506, 0.6371694743692369, 0.5463257688342922], [-0.5136698232498056, 0.26219979224804096, -0.8169422143747976], [-0.6637771444113326, -0.7247525990826903, 0.18475273389052205]], "target": [-0.5441538594947362, 0.6224217506506119, 0.5625724322378504], "inputs": [0, 0, 0], "outputs": [0, 0, 0], "time_start": null, "time_complete": null, "actions": null, "score": null}, {"designers": [1], "num_inputs": [3], "num_outputs": [3], "coupling": [[-0.8271319625255594, 0.22350948444590887, 0.5156512648402416], [-0.5364539011701839, -0.040470065020360754, -0.8429587094019126], [-0.1675408263316943, -0.9738612243025038, 0.15337661918337225]], "target": [0.3263167851376989, 0.5893356601767255, 0.7390540138457136], "inputs": [1, 1, 1], "outputs": [1, 1, 1], "time_start": null, "time_complete": null, "actions": null, "score": null}, {"designers": [2], "num_inputs": [3], "num_outputs": [3], "coupling": [[-0.5291670107560399, -0.22427295805414862, 0.818342174773584], [-0.459198390402326, 0.8866953835108978, -0.05392712779644629], [-0.7135258320337323, -0.4043178664690731, -0.5721957268928758]], "target": [0.6362629462491305, 0.6441868063759454, 0.42449125046523223], "inputs": [2, 2, 2], "outputs": [2, 2, 2], "time_start": null, "time_complete": null, "actions": null, "score": null}, {"designers": [3], "num_inputs": [3], "num_outputs": [3], "coupling": [[-0.6513232595523526, 0.037356983240908734, -0.7578802460608389], [-0.6944396810094787, -0.43190030777258887, 0.5755133826292808], [-0.305829267738641, 0.9011473686079772, 0.3072488877853998]], "target": [-0.6202738505030159, 0.5025514542900548, -0.6022477780557715], "inputs": [3, 3, 3], "outputs": [3, 3, 3], "time_start": null, "time_complete": null, "actions": null, "score": null}]}, {"name": "Hallowed Sign (Pair)", "assignments": [[1, 0], [3, 2]], "tasks": [{"designers": [1, 0], "num_inputs": [2, 1], "num_outputs": [2, 1], "coupling": [[-0.5933871490673154, 0.7891675764587832, 0.15844944805184463], [-0.6190686096675667, -0.32163757986137587, -0.7164518991147855], [-0.5144373118719417, -0.5232244293676351, 0.679404480899915]], "target": [-0.19354010749785933, -0.47993453221809496, -0.8556898220583875], "inputs": [1, 1, 0], "outputs": [1, 1, 0], "time_start": null, "time_complete": null, "actions": null, "score": null}, {"designers": [3, 2], "num_inputs": [2, 1], "num_outputs": [2, 1], "coupling": [[-0.5907751656496616, -0.6213238067377095, -0.5147246165014622], [-0.3635230116221981, -0.3645580444895969, 0.8572913461706289], [-0.7203025223284613, 0.6935806797906668, -0.010493662295602512]], "target": [0.8951192392161573, 0.24018346982225394, 0.3755974552752333], "inputs": [3, 3, 2], "outputs": [3, 3, 2], "time_start": null, "time_complete": null, "actions": null, "score": null}]}, {"name": "Staking System (Pair)", "assignments": [[0, 1], [2, 3]], "tasks": [{"designers": [0, 1], "num_inputs": [1, 1], "num_outputs": [1, 1], "coupling": [[-0.9952154547860744, -0.0977046496076143], [-0.0977046496076143, 0.9952154547860745]], "target": [0.5074436590724858, -0.8616849382849435], "inputs": [0, 1], "outputs": [0, 1], "time_start": null, "time_complete": null, "actions": null, "score": null}, {"designers": [2, 3], "num_inputs": [1, 1], "num_outputs": [1, 1], "coupling": [[-0.5877717187826085, -0.8090268268724704], [-0.8090268268724703, 0.5877717187826085]], "target": [-0.22877434643082428, -0.9734794802229522], "inputs": [2, 3], "outputs": [2, 3], "time_start": null, "time_complete": null, "actions": null, "score": null}]}, {"name": "Flat Sleep (Individual)", "assignments": [[0], [1], [2], [3]], "tasks": [{"designers": [0], "num_inputs": [2], "num_outputs": [2], "coupling": [[-0.6523606901753137, -0.7579086553892813], [-0.7579086553892814, 0.6523606901753136]], "target": [-0.8649550503288379, -0.5018493408490615], "inputs": [0, 0], "outputs": [0, 0], "time_start": null, "time_complete": null, "actions": null, "score": null}, {"designers": [1], "num_inputs": [2], "num_outputs": [2], "coupling": [[-0.9353596583482575, -0.3536980485309902], [-0.35369804853099, 0.9353596583482576]], "target": [-0.7992059528973534, -0.6010572725235369], "inputs": [1, 1], "outputs": [1, 1], "time_start": null, "time_complete": null, "actions": null, "score": null}, {"designers": [2], "num_inputs": [2], "num_outputs": [2], "coupling": [[-0.4864044410911648, -0.8737337807861109], [-0.8737337807861106, 0.48640444109116493]], "target": [-0.8598361898112203, -0.5105700017538464], "inputs": [2, 2], "outputs": [2, 2], "time_start": null, "time_complete": null, "actions": null, "score": null}, {"designers": [3], "num_inputs": [2], "num_outputs": [2], "coupling": [[-0.5945905607051786, -0.8040286469525211], [-0.8040286469525212, 0.5945905607051785]], "target": [0.8449628313829094, 0.5348250308104295], "inputs": [3, 3], "outputs": [3, 3], "time_start": null, "time_complete": null, "actions": null, "score": null}]}, {"name": "Unwritten Experience (Individual)", "assignments": [[0], [1], [2], [3]], "tasks": [{"designers": [0], "num_inputs": [3], "num_outputs": [3], "coupling": [[-0.21178723384264622, -0.6511312100991709, -0.7288170653984921], [-0.7471252042349301, -0.37287927155455464, 0.5502408363997157], [-0.6300397580932448, 0.6610515835241104, -0.40750546884928013]], "target": [-0.23546739357951174, 0.9598303328770813, -0.1525805972263269], "inputs": [0, 0, 0], "outputs": [0, 0, 0], "time_start": null, "time_complete": null, "actions": null, "score": null}, {"designers": [1], "num_inputs": [3], "num_outputs": [3], "coupling": [[-0.4537387057180423, 0.8039663377579546, 0.3843947381083387], [-0.8276655620089871, -0.22032311543081048, -0.5161660994982225], [-0.3302891224331541, -0.5523548248715888, 0.7653843760120878]], "target": [0.9995294386604376, 0.006011340744285374, 0.030079312385870433], "inputs": [1, 1, 1], "outputs": [1, 1, 1], "time_start": null, "time_complete": null, "actions": null, "score": null}, {"designers": [2], "num_inputs": [3], "num_outputs": [3], "coupling": [[-0.18010510291624132, 0.8996123041745299, -0.39781887094672036], [-0.6091054615598364, -0.41956253476076477, -0.6730214083690804], [-0.772368233811767, 0.12109905698606817, 0.6235241212620217]], "target": [-0.4346537868865108, 0.19902331536206147, 0.8783312618184037], "inputs": [2, 2, 2], "outputs": [2, 2, 2], "time_start": null, "time_complete": null, "actions": null, "score": null}, {"designers": [3], "num_inputs": [3], "num_outputs": [3], "coupling": [[-0.6999012638463941, -0.039816517823504635, -0.7131289264744703], [-0.41091283514970367, -0.7942127458288666, 0.447634623629813], [-0.5841993347954553, 0.6063338678248001, 0.5395093863438939]], "target": [-0.1830041341357196, 0.9346590328953975, 0.30483106652091074], "inputs": [3, 3, 3], "outputs": [3, 3, 3], "time_start": null, "time_complete": null, "actions": null, "score": null}]}, {"name": "Thinkable Ink (Pair)", "assignments": [[0, 1], [2, 3]], "tasks": [{"designers": [0, 1], "num_inputs": [1, 1], "num_outputs": [1, 1], "coupling": [[-0.8470576336761735, -0.5315010491343558], [-0.5315010491343557, 0.8470576336761737]], "target": [0.33638122627048617, 0.9417258999373247], "inputs": [0, 1], "outputs": [0, 1], "time_start": null, "time_complete": null, "actions": null, "score": null}, {"designers": [2, 3], "num_inputs": [1, 1], "num_outputs": [1, 1], "coupling": [[0.3309649664370063, 0.9436430421464205], [0.9436430421464207, -0.3309649664370063]], "target": [0.26790812918963325, -0.9634444635338929], "inputs": [2, 3], "outputs": [2, 3], "time_start": null, "time_complete": null, "actions": null, "score": null}]}, {"name": "Chief Government (Pair)", "assignments": [[0, 1], [2, 3]], "tasks": [{"designers": [0, 1], "num_inputs": [2, 2], "num_outputs": [2, 2], "coupling": [[-0.6619711887718877, -0.1829641302816665, 0.7201072107723874, 0.09881233354100838], [-0.5387641817582586, -0.5392755679539907, -0.5984645208878386, -0.24648577139612868], [-0.4404466243694954, 0.7891338341522881, -0.14933144589339914, -0.4012165028323385], [-0.2784494079214472, 0.23016033679650907, -0.31778285274616214, 0.8766448568801528]], "target": [0.6293568536977718, -0.08935198962701171, 0.6775142229856581, -0.3700008787901395], "inputs": [0, 0, 1, 1], "outputs": [0, 0, 1, 1], "time_start": null, "time_complete": null, "actions": null, "score": null}, {"designers": [2, 3], "num_inputs": [2, 2], "num_outputs": [2, 2], "coupling": [[-0.5831508650316966, -0.36445925713906563, -0.1211160209020437, -0.7158459526876435], [-0.49436933922482823, 0.04372446141257255, -0.7093657513442665, 0.5004871214410725], [-0.5126278110250998, 0.7701471709633423, 0.3776397153243965, -0.038396716402370495], [-0.39082829018739856, -0.5216617260418687, 0.5826829203866785, 0.48538943690799946]], "target": [0.19015230220001822, -0.48635297099243713, -0.7198575279215318, -0.4572833137886878], "inputs": [2, 2, 3, 3], "outputs": [2, 2, 3, 3], "time_start": null, "time_complete": null, "actions": null, "score": null}]}, {"name": "Towering Test (Pair)", "assignments": [[0, 1], [2, 3]], "tasks": [{"designers": [0, 1], "num_inputs": [1, 1], "num_outputs": [1, 1], "coupling": [[-0.7789970509569546, -0.62702758679373], [-0.6270275867937302, 0.7789970509569542]], "target": [0.4016463097518015, 0.9157948688777197], "inputs": [0, 1], "outputs": [0, 1], "time_start": null, "time_complete": null, "actions": null, "score": null}, {"designers": [2, 3], "num_inputs": [1, 1], "num_outputs": [1, 1], "coupling": [[-0.8836473110913976, -0.46815321167427904], [-0.46815321167427904, 0.8836473110913978]], "target": [-0.9313017941049238, 0.36424849800232556], "inputs": [2, 3], "outputs": [2, 3], "time_start": null, "time_complete": null, "actions": null, "score": null}]}, {"name": "Impolite Heat (Individual)", "assignments": [[0], [1], [2], [3]], "tasks": [{"designers": [0], "num_inputs": [4], "num_outputs": [4], "coupling": [[-0.39517233928985945, -0.8142172214239083, -0.030029445905060764, 0.4242491850028062], [-0.35277600092449335, 0.5099422754522054, -0.48628120212001863, 0.615661076683477], [-0.7358988759879245, 0.03501693257807653, -0.23305316169203635, -0.6347541906737421], [-0.4217117021753265, 0.27528713459982057, 0.8416145487506078, 0.19509276025398598]], "target": [0.3124594745047946, -0.40746541402595, 0.8221901685086168, -0.24565084972908313], "inputs": [0, 0, 0, 0], "outputs": [0, 0, 0, 0], "time_start": null, "time_complete": null, "actions": null, "score": null}, {"designers": [1], "num_inputs": [4], "num_outputs": [4], "coupling": [[-0.48325536121369705, 0.7465808006334009, 0.4134895385204308, -0.195212103922812], [-0.6247268553984288, -0.6599236351857701, 0.3724396887105365, -0.18842990776516372], [-0.44676831610837914, 0.06696202671400585, -0.8146973232725565, -0.36356901704156197], [-0.42021266487802733, 0.05132242031648448, -0.16304401632654691, 0.8911812241003921]], "target": [0.507277036910871, -0.19613307398598318, -0.4803532092723046, -0.6880862005981029], "inputs": [1, 1, 1, 1], "outputs": [1, 1, 1, 1], "time_start": null, "time_complete": null, "actions": null, "score": null}, {"designers": [2], "num_inputs": [4], "num_outputs": [4], "coupling": [[-0.594380690813562, -0.22791251040806138, 0.28118426237560107, 0.7181245661998881], [-0.4904320727196051, -0.6508724399014371, -0.3036531138054869, -0.49359521422004665], [-0.30879744501274725, 0.23685590818278784, 0.7821180861496414, -0.4866566716178127], [-0.5575231962793515, 0.6843392677138674, -0.4658556604637775, -0.06185592848839282]], "target": [0.02692542754766647, 0.673160108414264, 0.7349592329402983, 0.07723610364900771], "inputs": [2, 2, 2, 2], "outputs": [2, 2, 2, 2], "time_start": null, "time_complete": null, "actions": null, "score": null}, {"designers": [3], "num_inputs": [4], "num_outputs": [4], "coupling": [[-0.39418322004918926, 0.8997860028929512, 0.14491136270137922, 0.11834456045635498], [-0.3375631212433698, -0.27885981213911953, 0.8936457152768407, -0.09841585196254055], [-0.5870289492511048, -0.10726531329441352, -0.33549030496864696, -0.7289289544098515], [-0.6213434967465501, -0.3179882179193321, -0.26046936057704995, 0.6670618146137884]], "target": [0.33227903883530296, -0.8966042000690249, -0.25993996528794533, -0.13462081271249704], "inputs": [3, 3, 3, 3], "outputs": [3, 3, 3, 3], "time_start": null, "time_complete": null, "actions": null, "score": null}]}, {"name": "Arrogant Flame (Individual)", "assignments": [[0], [1], [2], [3]], "tasks": [{"designers": [0], "num_inputs": [4], "num_outputs": [4], "coupling": [[-0.5439050933277786, 0.09050502715900863, -0.04621273672189905, -0.8329708713248741], [-0.411365402820753, -0.7068141809059835, 0.5524665747377949, 0.16116110830412034], [-0.5480506310216579, -0.16246285095250795, -0.7269365296529906, 0.38053857853470335], [-0.48434105819245044, 0.6825162091771407, 0.4052262930983473, 0.36793615606685776]], "target": [-0.4537616060825067, -0.31228266760587786, 0.5238563854772431, 0.6497341208164299], "inputs": [0, 0, 0, 0], "outputs": [0, 0, 0, 0], "time_start": null, "time_complete": null, "actions": null, "score": null}, {"designers": [1], "num_inputs": [4], "num_outputs": [4], "coupling": [[-0.5672256372897235, 0.4714501081760372, 0.27464349835056867, 0.6168961182531717], [-0.5286896183976838, 0.0737118419762007, 0.4243971689196173, -0.7313965372928704], [-0.5342918321803203, -0.020011891066281345, -0.8388196880899412, -0.10253435109289809], [-0.33656292407984395, -0.8785789003096017, 0.20208790834552456, 0.272001822358098]], "target": [-0.08128887702734344, -0.8801271947464263, -0.056928194197344656, -0.4642493082868824], "inputs": [1, 1, 1, 1], "outputs": [1, 1, 1, 1], "time_start": null, "time_complete": null, "actions": null, "score": null}, {"designers": [2], "num_inputs": [4], "num_outputs": [4], "coupling": [[-0.5659815635879983, -0.30814100870502387, 0.5538103660713687, -0.5272647028434884], [-0.5885862509996593, -0.4752360329155039, -0.5820860587105319, 0.2981488863097414], [-0.48981088276342105, 0.7974885766671547, -0.2710618884220379, -0.22499493740302934], [-0.3054773214809395, 0.20787448582830034, 0.5300899464541982, 0.7632014497304337]], "target": [-0.6577980969597679, 0.5357851979383416, -0.5276041881836989, -0.04324009617588922], "inputs": [2, 2, 2, 2], "outputs": [2, 2, 2, 2], "time_start": null, "time_complete": null, "actions": null, "score": null}, {"designers": [3], "num_inputs": [4], "num_outputs": [4], "coupling": [[-0.5868534960755382, 0.8054039123201819, 0.0031908064374186755, -0.08317049307021197], [-0.48481419109175766, -0.34551946079803214, 0.7965194324193687, 0.10549073942393361], [-0.35093303172269963, -0.34096437372788835, -0.25088631300237924, -0.8352516752705954], [-0.545347761988511, -0.34012370702074085, -0.5500933288821795, 0.5332063502396739]], "target": [-0.2749140823101601, 0.7712275923164326, -0.40509467416691797, 0.4068520040001763], "inputs": [3, 3, 3, 3], "outputs": [3, 3, 3, 3], "time_start": null, "time_complete": null, "actions": null, "score": null}]}, {"name": "Husky Verse (Pair)", "assignments": [[0, 1], [2, 3]], "tasks": [{"designers": [0, 1], "num_inputs": [2, 2], "num_outputs": [2, 2], "coupling": [[-0.37439429929214246, 0.3336756373346045, 0.6447775443125543, -0.5768460765725666], [-0.7594443884880094, -0.12296835175152733, 0.17287506529419278, 0.615009932489805], [-0.4767110516326586, -0.46731313835792593, -0.5155565323675599, -0.5371838287797652], [-0.23626193663581116, 0.8094181763680157, -0.537194184706925, 0.021093150054793557]], "target": [-0.47127510240218995, -0.033774108152985205, -0.5433179428395628, -0.693948629556152], "inputs": [0, 0, 1, 1], "outputs": [0, 0, 1, 1], "time_start": null, "time_complete": null, "actions": null, "score": null}, {"designers": [2, 3], "num_inputs": [2, 2], "num_outputs": [2, 2], "coupling": [[-0.3579852820878873, -0.3226387287461808, -0.8685791008142093, -0.11541721773757616], [-0.6961864066075701, 0.08902704904889512, 0.3372372830228142, -0.6274310214930997], [-0.4550515341401429, -0.5771090626514754, 0.3226625738192335, 0.5964579570586558], [-0.42438087414490877, 0.7449319197458442, -0.16652394429786052, 0.48708016237500046]], "target": [0.335687277457402, -0.061028529920667526, 0.3362922361394721, 0.8777796433053533], "inputs": [2, 2, 3, 3], "outputs": [2, 2, 3, 3], "time_start": null, "time_complete": null, "actions": null, "score": null}]}, {"name": "Better Behavior (Pair)", "assignments": [[0, 1], [2, 3]], "tasks": [{"designers": [0, 1], "num_inputs": [2, 1], "num_outputs": [2, 1], "coupling": [[-0.7557837204970275, 0.5153007173709241, 0.40404967331837166], [-0.255089518553827, 0.3366048625295025, -0.9064361555263951], [-0.6030922859361149, -0.7881385266553756, -0.12295266343534715]], "target": [0.38446131534636496, -0.18106803264356128, 0.9052092932337433], "inputs": [0, 0, 1], "outputs": [0, 0, 1], "time_start": null, "time_complete": null, "actions": null, "score": null}, {"designers": [2, 3], "num_inputs": [2, 1], "num_outputs": [2, 1], "coupling": [[-0.3925501832151606, -0.4323959502130801, -0.8117500205710322], [-0.6064668805944299, -0.5418391920105676, 0.5819005179095449], [-0.6914494026317506, 0.7207246577165671, -0.04953474901048807]], "target": [-0.18232625715827933, 0.16067513321192092, -0.9700209469480461], "inputs": [2, 2, 3], "outputs": [2, 2, 3], "time_start": null, "time_complete": null, "actions": null, "score": null}]}]}