{"name": "experiment010", "num_designers": 4, "error_tol": 0.05, "training": [{"name": "Training Task 1/5 (Individual)", "assignments": [[0], [1], [2], [3]], "tasks": [{"designers": [0], "num_inputs": [1], "num_outputs": [1], "coupling": [[1.0]], "target": [1.0], "inputs": [0], "outputs": [0], "time_start": null, "time_complete": null, "actions": null}, {"designers": [1], "num_inputs": [1], "num_outputs": [1], "coupling": [[1.0]], "target": [-1.0], "inputs": [1], "outputs": [1], "time_start": null, "time_complete": null, "actions": null}, {"designers": [2], "num_inputs": [1], "num_outputs": [1], "coupling": [[1.0]], "target": [-1.0], "inputs": [2], "outputs": [2], "time_start": null, "time_complete": null, "actions": null}, {"designers": [3], "num_inputs": [1], "num_outputs": [1], "coupling": [[1.0]], "target": [-1.0], "inputs": [3], "outputs": [3], "time_start": null, "time_complete": null, "actions": null}]}, {"name": "Training Task 2/5 (Individual)", "assignments": [[0], [1], [2], [3]], "tasks": [{"designers": [0], "num_inputs": [2], "num_outputs": [2], "coupling": [[-0.36918653210315505, -0.9293553166112762], [-0.9293553166112762, 0.36918653210315533]], "target": [0.6990878670943876, -0.7150357711900993], "inputs": [0, 0], "outputs": [0, 0], "time_start": null, "time_complete": null, "actions": null}, {"designers": [1], "num_inputs": [2], "num_outputs": [2], "coupling": [[-0.6283821371327163, -0.7779048076291343], [-0.7779048076291343, 0.6283821371327163]], "target": [0.22998584507768505, 0.9731939740174632], "inputs": [1, 1], "outputs": [1, 1], "time_start": null, "time_complete": null, "actions": null}, {"designers": [2], "num_inputs": [2], "num_outputs": [2], "coupling": [[-0.6314471809120243, -0.7754188917728643], [-0.7754188917728643, 0.6314471809120245]], "target": [0.8232740679609261, 0.5676440865745619], "inputs": [2, 2], "outputs": [2, 2], "time_start": null, "time_complete": null, "actions": null}, {"designers": [3], "num_inputs": [2], "num_outputs": [2], "coupling": [[-0.6613749959262206, -0.7500554077957112], [-0.7500554077957114, 0.6613749959262208]], "target": [0.3828560341606122, 0.923808019615985], "inputs": [3, 3], "outputs": [3, 3], "time_start": null, "time_complete": null, "actions": null}]}, {"name": "Training Task 3/5 (Pair)", "assignments": [[0, 1], [2, 3]], "tasks": [{"designers": [0, 1], "num_inputs": [1, 1], "num_outputs": [1, 1], "coupling": [[-0.7717306301309389, -0.6359495534377738], [-0.6359495534377739, 0.7717306301309388]], "target": [-0.972787069200941, -0.23170092359644107], "inputs": [0, 1], "outputs": [0, 1], "time_start": null, "time_complete": null, "actions": null}, {"designers": [2, 3], "num_inputs": [1, 1], "num_outputs": [1, 1], "coupling": [[-0.7726490652125415, -0.6348333813105494], [-0.6348333813105494, 0.7726490652125416]], "target": [-0.08538597195249942, -0.9963479491591914], "inputs": [2, 3], "outputs": [2, 3], "time_start": null, "time_complete": null, "actions": null}]}, {"name": "Training Task 4/5 (Pair)", "assignments": [[0, 1], [2, 3]], "tasks": [{"designers": [0, 1], "num_inputs": [2, 1], "num_outputs": [2, 1], "coupling": [[-0.5207254613115745, 0.8255748541487856, 0.21741930489048025], [-0.28561800752077987, 0.07152910267841922, -0.9556704145519417], [-0.8045292708918105, -0.5597407861387549, 0.19855201991181187]], "target": [-0.591205859145483, -0.5862738686566823, -0.5538579087115926], "inputs": [0, 0, 1], "outputs": [0, 0, 1], "time_start": null, "time_complete": null, "actions": null}, {"designers": [2, 3], "num_inputs": [2, 1], "num_outputs": [2, 1], "coupling": [[-0.5517186977616688, 0.7782527381417402, 0.29988190027917944], [-0.5427168821700189, -0.06198284474873757, -0.8376255206024391], [-0.6332968216782883, -0.6248846313774548, 0.4565679939729027]], "target": [-0.58742736323584, -0.7711836606933712, 0.24536677525973252], "inputs": [2, 2, 3], "outputs": [2, 2, 3], "time_start": null, "time_complete": null, "actions": null}]}, {"name": "Training Task 5/5 (Pair)", "assignments": [[1, 0], [3, 2]], "tasks": [{"designers": [1, 0], "num_inputs": [2, 1], "num_outputs": [2, 1], "coupling": [[-0.4581239251873193, -0.5944451272610058, -0.6608762818006181], [-0.5497178022844966, -0.39478961408601543, 0.7361735518621392], [-0.698521872973543, 0.7005541744115592, -0.14591450130837547]], "target": [0.48555668917693184, -0.4473399707275822, -0.7510803233909021], "inputs": [1, 1, 0], "outputs": [1, 1, 0], "time_start": null, "time_complete": null, "actions": null}, {"designers": [3, 2], "num_inputs": [2, 1], "num_outputs": [2, 1], "coupling": [[-0.6281068256207205, 0.7543394729692399, -0.19092871740299105], [-0.6181790610925506, -0.6327635633612835, -0.46633134283368083], [-0.4725848749541127, -0.17487776417492526, 0.8637599802964854]], "target": [0.5311343046482513, -0.012583898200012539, 0.8471941902137371], "inputs": [3, 3, 2], "outputs": [3, 3, 2], "time_start": null, "time_complete": null, "actions": null}]}], "rounds": [{"name": "Better Behavior (Pair)", "assignments": [[0, 1], [2, 3]], "tasks": [{"designers": [0, 1], "num_inputs": [2, 1], "num_outputs": [2, 1], "coupling": [[-0.6134139495341362, -0.2065097388927059, -0.7622841033757684], [-0.5141230941712562, -0.6282635273614031, 0.5839198440087315], [-0.5995004341588973, 0.7500924395898643, 0.2792141857309896]], "target": [0.4260211736980266, -0.902765089374213, -0.05933930373811973], "inputs": [0, 0, 1], "outputs": [0, 0, 1], "time_start": null, "time_complete": null, "actions": null}, {"designers": [2, 3], "num_inputs": [2, 1], "num_outputs": [2, 1], "coupling": [[-0.24849957829140354, -0.038033916224319654, 0.9678850039160829], [-0.605607280203759, 0.7859479283265951, -0.12460207110373094], [-0.7559681089524878, -0.6171217668951362, -0.2183413453082689]], "target": [0.8532878446124501, -0.08785480262455851, -0.5139857856910435], "inputs": [2, 2, 3], "outputs": [2, 2, 3], "time_start": null, "time_complete": null, "actions": null}]}, {"name": "Staking System (Pair)", "assignments": [[0, 1], [2, 3]], "tasks": [{"designers": [0, 1], "num_inputs": [1, 1], "num_outputs": [1, 1], "coupling": [[-0.9773420858003647, -0.21166588606431652], [-0.21166588606431652, 0.9773420858003647]], "target": [-0.9005900422511608, -0.43466950180344216], "inputs": [0, 1], "outputs": [0, 1], "time_start": null, "time_complete": null, "actions": null}, {"designers": [2, 3], "num_inputs": [1, 1], "num_outputs": [1, 1], "coupling": [[-0.83283196295159, -0.5535258995622532], [-0.5535258995622531, 0.8328319629515901]], "target": [0.888601733556095, -0.4586795821933898], "inputs": [2, 3], "outputs": [2, 3], "time_start": null, "time_complete": null, "actions": null}]}, {"name": "Hallowed Sign (Pair)", "assignments": [[1, 0], [3, 2]], "tasks": [{"designers": [1, 0], "num_inputs": [2, 1], "num_outputs": [2, 1], "coupling": [[-0.36530269005006677, 0.8071628903243195, 0.46372622648010253], [-0.6179372667544532, 0.16230532056911628, -0.7692922183871302], [-0.6962093643425233, -0.567578233724873, 0.439485460059298]], "target": [0.0936770468750785, 0.19929226572692413, -0.9754523072453072], "inputs": [1, 1, 0], "outputs": [1, 1, 0], "time_start": null, "time_complete": null, "actions": null}, {"designers": [3, 2], "num_inputs": [2, 1], "num_outputs": [2, 1], "coupling": [[-0.47899886695566063, -0.049900341962262694, 0.87639605277936], [-0.8334673604282955, 0.3391767801490919, -0.4362238770498299], [-0.2754854706801864, -0.9393982476456642, -0.2040555996888404]], "target": [0.4681688350807034, -0.8517384444068046, 0.23528613256767436], "inputs": [3, 3, 2], "outputs": [3, 3, 2], "time_start": null, "time_complete": null, "actions": null}]}, {"name": "Noiseless Stone (Individual)", "assignments": [[0], [1], [2], [3]], "tasks": [{"designers": [0], "num_inputs": [3], "num_outputs": [3], "coupling": [[-0.6205313758163202, 0.697953602705561, 0.35749346860863374], [-0.406972023478528, 0.10305180700056107, -0.9076090001645596], [-0.670309319443865, -0.7086897018754019, 0.2201007104087949]], "target": [-0.6286826905501752, 0.5267692431357552, 0.5720771268708236], "inputs": [0, 0, 0], "outputs": [0, 0, 0], "time_start": null, "time_complete": null, "actions": null}, {"designers": [1], "num_inputs": [3], "num_outputs": [3], "coupling": [[-0.6753703503394254, -0.18714956386419065, 0.7133371787786232], [-0.7284460610094572, 0.3202137514276989, -0.6056645025064668], [-0.11507052655744678, -0.9286755052988331, -0.3525912361017341]], "target": [-0.4120680220276718, -0.6695814333893244, -0.6179487432485804], "inputs": [1, 1, 1], "outputs": [1, 1, 1], "time_start": null, "time_complete": null, "actions": null}, {"designers": [2], "num_inputs": [3], "num_outputs": [3], "coupling": [[-0.6595370037255706, 0.33159159748227823, -0.6745798345606303], [-0.4380871063423541, -0.8988310760447998, -0.013504961781880489], [-0.6108114504274452, 0.28661770569052064, 0.7380783581784678]], "target": [-0.5922441532473959, 0.580676635287995, 0.5586246576860782], "inputs": [2, 2, 2], "outputs": [2, 2, 2], "time_start": null, "time_complete": null, "actions": null}, {"designers": [3], "num_inputs": [3], "num_outputs": [3], "coupling": [[-0.65631878021409, 0.7403009502827358, 0.14560275323209948], [-0.416197689491085, -0.19427607318413756, -0.8882771474322833], [-0.6293052852158258, -0.6435925033735479, 0.4356185804127256]], "target": [0.7716459564735745, 0.6106185012313852, 0.17806617818080714], "inputs": [3, 3, 3], "outputs": [3, 3, 3], "time_start": null, "time_complete": null, "actions": null}]}, {"name": "Economic Motion (Individual)", "assignments": [[0], [1], [2], [3]], "tasks": [{"designers": [0], "num_inputs": [2], "num_outputs": [2], "coupling": [[-0.7640209772371342, -0.6451914028732977], [-0.6451914028732977, 0.7640209772371344]], "target": [0.28831396376048324, -0.9575359305533755], "inputs": [0, 0], "outputs": [0, 0], "time_start": null, "time_complete": null, "actions": null}, {"designers": [1], "num_inputs": [2], "num_outputs": [2], "coupling": [[0.7458163839062772, 0.6661515754668488], [0.6661515754668487, -0.7458163839062771]], "target": [0.9792284534920297, -0.20276004505722556], "inputs": [1, 1], "outputs": [1, 1], "time_start": null, "time_complete": null, "actions": null}, {"designers": [2], "num_inputs": [2], "num_outputs": [2], "coupling": [[-0.6327129796837847, -0.7743863927908776], [-0.7743863927908776, 0.6327129796837846]], "target": [0.9097918372633371, -0.41506482969411107], "inputs": [2, 2], "outputs": [2, 2], "time_start": null, "time_complete": null, "actions": null}, {"designers": [3], "num_inputs": [2], "num_outputs": [2], "coupling": [[-0.540866438082572, -0.8411084925001481], [-0.8411084925001482, 0.5408664380825717]], "target": [0.6431780367339077, -0.7657166663088353], "inputs": [3, 3], "outputs": [3, 3], "time_start": null, "time_complete": null, "actions": null}]}, {"name": "Thinkable Ink (Pair)", "assignments": [[0, 1], [2, 3]], "tasks": [{"designers": [0, 1], "num_inputs": [1, 1], "num_outputs": [1, 1], "coupling": [[-0.9270762150761942, -0.37487290038091287], [-0.37487290038091287, 0.9270762150761946]], "target": [0.12239009529075573, -0.9924820726717032], "inputs": [0, 1], "outputs": [0, 1], "time_start": null, "time_complete": null, "actions": null}, {"designers": [2, 3], "num_inputs": [1, 1], "num_outputs": [1, 1], "coupling": [[-0.5473508659496452, -0.8369032378621639], [-0.8369032378621637, 0.5473508659496451]], "target": [0.8245376854575726, 0.5658070388924733], "inputs": [2, 3], "outputs": [2, 3], "time_start": null, "time_complete": null, "actions": null}]}, {"name": "Absorbed Copper (Pair)", "assignments": [[1, 0], [3, 2]], "tasks": [{"designers": [1, 0], "num_inputs": [2, 1], "num_outputs": [2, 1], "coupling": [[-0.3283978013192357, 0.6861837424636336, -0.6490814707471584], [-0.9027237985087566, -0.4302162991353698, 0.0019182190146783443], [-0.27792917747982815, 0.5865712297213943, 0.7607164811994792]], "target": [-0.6550807448392051, 0.7081876331701012, -0.26332393352265226], "inputs": [1, 1, 0], "outputs": [1, 1, 0], "time_start": null, "time_complete": null, "actions": null}, {"designers": [3, 2], "num_inputs": [2, 1], "num_outputs": [2, 1], "coupling": [[-0.5947353406051988, -0.00218735375648408, -0.8039185842600992], [-0.36449906554251627, -0.8905695126330759, 0.27207788294368634], [-0.7165405123605019, 0.4548419051187235, 0.5288558740281889]], "target": [-0.1261688353727617, -0.6643041383776004, -0.7367370200519824], "inputs": [3, 3, 2], "outputs": [3, 3, 2], "time_start": null, "time_complete": null, "actions": null}]}, {"name": "Chemical Rhythm (Pair)", "assignments": [[0, 1], [2, 3]], "tasks": [{"designers": [0, 1], "num_inputs": [2, 2], "num_outputs": [2, 2], "coupling": [[-0.7322987361593933, -0.38105341609808974, -0.3845824404985014, -0.41307771854645975], [-0.30201517823561774, -0.5610509064740853, 0.5183753501839468, 0.5703470073399055], [-0.4538415130778265, 0.5521033268920321, -0.3396146985404984, 0.6114504509583959], [-0.4081093899212466, 0.4849763817541369, 0.6841382896148512, -0.3608315890850467]], "target": [0.7537089046807686, 0.5339912810672033, 0.24914038514791592, -0.2910416932974914], "inputs": [0, 0, 1, 1], "outputs": [0, 0, 1, 1], "time_start": null, "time_complete": null, "actions": null}, {"designers": [2, 3], "num_inputs": [2, 2], "num_outputs": [2, 2], "coupling": [[-0.3346257795214711, 0.7984453463090446, -0.3904863329403607, 0.31309909042325157], [-0.5646152027982145, -0.04786820242329029, 0.714714084795679, 0.4100025426269561], [-0.4555738285999835, 0.21337004997845654, 0.14331337801688618, -0.8522833942699651], [-0.6014048113737803, -0.5609517679144828, -0.5622859383470776, 0.08648636000682733]], "target": [0.20051996096944924, 0.3534012018892605, -0.49799363438353195, -0.7660950827864107], "inputs": [2, 2, 3, 3], "outputs": [2, 2, 3, 3], "time_start": null, "time_complete": null, "actions": null}]}, {"name": "Chief Government (Pair)", "assignments": [[0, 1], [2, 3]], "tasks": [{"designers": [0, 1], "num_inputs": [2, 2], "num_outputs": [2, 2], "coupling": [[-0.593145512595952, -0.781690622918251, 0.13747394514927208, 0.13505215782821448], [-0.3807436270070974, 0.2593043750709223, -0.701951637531409, 0.543193731673638], [-0.3327842113932774, 0.030346607041745646, -0.44939169843259047, -0.8284810519669592], [-0.6264721542320303, 0.5663921738087565, 0.535174657800554, -0.01790617402269169]], "target": [0.013468698179066374, 0.8021731645276995, -0.05885810146747585, 0.5940307501911178], "inputs": [0, 0, 1, 1], "outputs": [0, 0, 1, 1], "time_start": null, "time_complete": null, "actions": null}, {"designers": [2, 3], "num_inputs": [2, 2], "num_outputs": [2, 2], "coupling": [[-0.5518320085155329, 0.658326111182747, 0.44172393477911864, -0.25878201474593954], [-0.22979042482992887, -0.6590364211991007, 0.31970487498534783, -0.6408245852806881], [-0.6420916473895465, -0.06202898418564625, -0.7593919321527902, -0.08482107553389948], [-0.47999594934413015, -0.3583714999675339, 0.35495443613949695, 0.7177611753843608]], "target": [-0.41920194805840083, -0.25606397066909575, -0.5810707188644533, 0.6488896588385167], "inputs": [2, 2, 3, 3], "outputs": [2, 2, 3, 3], "time_start": null, "time_complete": null, "actions": null}]}, {"name": "Towering Test (Pair)", "assignments": [[0, 1], [2, 3]], "tasks": [{"designers": [0, 1], "num_inputs": [1, 1], "num_outputs": [1, 1], "coupling": [[-0.7582066906284552, -0.6520142746031297], [-0.6520142746031297, 0.7582066906284555]], "target": [-0.23640387252603023, 0.9716548816605083], "inputs": [0, 1], "outputs": [0, 1], "time_start": null, "time_complete": null, "actions": null}, {"designers": [2, 3], "num_inputs": [1, 1], "num_outputs": [1, 1], "coupling": [[-0.18157122405309242, -0.9833777964728828], [-0.9833777964728827, 0.18157122405309203]], "target": [0.7077142785121138, 0.7064987614922464], "inputs": [2, 3], "outputs": [2, 3], "time_start": null, "time_complete": null, "actions": null}]}, {"name": "Husky Verse (Pair)", "assignments": [[0, 1], [2, 3]], "tasks": [{"designers": [0, 1], "num_inputs": [2, 2], "num_outputs": [2, 2], "coupling": [[-0.6191565201284714, -0.21489767326414477, -0.3510434973630522, -0.6687545562963855], [-0.5045050700772228, -0.33298866529095184, 0.7793383162483027, 0.1649999147920612], [-0.48816069944792634, -0.04432860170653291, -0.48787458843999737, 0.7222966790313787], [-0.3518791971164097, 0.9170455353384317, 0.1771401641098958, -0.06188601628542045]], "target": [-0.002235603828307786, -0.020504611866189057, 0.9507738836560501, 0.3091982941824405], "inputs": [0, 0, 1, 1], "outputs": [0, 0, 1, 1], "time_start": null, "time_complete": null, "actions": null}, {"designers": [2, 3], "num_inputs": [2, 2], "num_outputs": [2, 2], "coupling": [[-0.5691939411000615, 0.33559483996973155, -0.46062966177560755, 0.5926336773194377], [-0.4859946085044498, 0.5890060302989014, 0.49252232852624356, -0.417495979237194], [-0.4062083489102795, -0.3221073600109068, -0.561972130008138, -0.6445377808914738], [-0.5242349427453027, -0.6608289099941258, 0.47898788678806226, 0.2430092196422013]], "target": [0.5628262823373764, -0.010710320787729545, 0.7194940371830526, -0.40674340240124846], "inputs": [2, 2, 3, 3], "outputs": [2, 2, 3, 3], "time_start": null, "time_complete": null, "actions": null}]}, {"name": "Unwritten Experience (Individual)", "assignments": [[0], [1], [2], [3]], "tasks": [{"designers": [0], "num_inputs": [3], "num_outputs": [3], "coupling": [[-0.5600524580627155, 0.7897636328854016, -0.25022919172143715], [-0.4256200586504793, -0.5334228462097291, -0.730963496226641], [-0.7107663539393753, -0.3028753395593065, 0.6348840199552684]], "target": [0.21055186087409195, 0.957595104504371, 0.19667112068557527], "inputs": [0, 0, 0], "outputs": [0, 0, 0], "time_start": null, "time_complete": null, "actions": null}, {"designers": [1], "num_inputs": [3], "num_outputs": [3], "coupling": [[-0.28924546451647143, -0.7393110559313758, 0.6080758372393075], [-0.8551977467168725, 0.48497694898275184, 0.18285013799766564], [-0.4300858928947036, -0.46713651273799595, -0.7725345320436815]], "target": [0.5558254913811402, 0.7533263910578499, 0.3515072853678419], "inputs": [1, 1, 1], "outputs": [1, 1, 1], "time_start": null, "time_complete": null, "actions": null}, {"designers": [2], "num_inputs": [3], "num_outputs": [3], "coupling": [[-0.6804907128578827, 0.6245292872924669, 0.38326956444274823], [-0.5637537654418963, -0.11208232999020441, -0.8183026599333834], [-0.46809623120065186, -0.7729170205254442, 0.42835172197367866]], "target": [0.45839300372220815, -0.8004703952601264, -0.38616447331497067], "inputs": [2, 2, 2], "outputs": [2, 2, 2], "time_start": null, "time_complete": null, "actions": null}, {"designers": [3], "num_inputs": [3], "num_outputs": [3], "coupling": [[-0.6898096614743642, 0.7237156338640619, 0.019957761331409994], [-0.26605086507024, -0.22775615678660333, -0.9366664669140096], [-0.6733346628029775, -0.6514313581234285, 0.34965356786605994]], "target": [-0.9141567417853738, -0.3392792810404067, -0.22182655590585687], "inputs": [3, 3, 3], "outputs": [3, 3, 3], "time_start": null, "time_complete": null, "actions": null}]}, {"name": "Arrogant Flame (Individual)", "assignments": [[0], [1], [2], [3]], "tasks": [{"designers": [0], "num_inputs": [4], "num_outputs": [4], "coupling": [[-0.6131608602203716, 0.511255356723178, 0.4642136223364802, -0.38361104331459844], [-0.43689749477086703, -0.4996380334346189, 0.4603610346547136, 0.5895338263239598], [-0.5230097145915424, -0.5302425646020075, -0.48532365135069394, -0.4580006709239518], [-0.39951868166536075, 0.4558756611749846, -0.5805466252149919, 0.5436247055645346]], "target": [0.6606342672300616, -0.6362844139921653, 0.23436069467213888, 0.32214837305943234], "inputs": [0, 0, 0, 0], "outputs": [0, 0, 0, 0], "time_start": null, "time_complete": null, "actions": null}, {"designers": [1], "num_inputs": [4], "num_outputs": [4], "coupling": [[-0.22045157712488148, 0.5393292166236227, -0.11681458076925487, -0.804288164751294], [-0.6677973376554307, -0.6196103158474583, -0.3718724038498166, -0.17843959081630392], [-0.4019798086420894, 0.5573249014388049, -0.47182586968077495, 0.5524323817267375], [-0.5863958146231434, 0.12081393474176834, 0.7908511981875238, 0.12687917122218784]], "target": [-0.35095206274136315, 0.12872902511523063, -0.8994633367580713, 0.22633425188976786], "inputs": [1, 1, 1, 1], "outputs": [1, 1, 1, 1], "time_start": null, "time_complete": null, "actions": null}, {"designers": [2], "num_inputs": [4], "num_outputs": [4], "coupling": [[-0.4663650477647569, -0.48826328066431207, 0.14493294837254717, 0.7232544859552134], [-0.29922049541875195, -0.5987746799175759, 0.33330495568225954, -0.6639606798061223], [-0.5562411373114851, 0.628043660094664, 0.5424704549074673, -0.04339082541055983], [-0.6193274856706734, 0.0928924779485713, -0.7573823687848651, -0.18486860330311053]], "target": [0.5978420459458793, -0.3483859066963076, -0.2873463795355264, -0.6623022016288801], "inputs": [2, 2, 2, 2], "outputs": [2, 2, 2, 2], "time_start": null, "time_complete": null, "actions": null}, {"designers": [3], "num_inputs": [4], "num_outputs": [4], "coupling": [[-0.7127041810914567, -0.03938980006790862, -0.42493178832746836, -0.5567173153173749], [-0.4575977977496932, -0.033702910782329724, 0.8842749654049321, -0.08675341409728322], [-0.2945966846342392, -0.7831952116912266, -0.13011914539003924, 0.5318712831027955], [-0.4425718011259873, 0.6196110213991853, -0.1433867805269765, 0.632180839775191]], "target": [0.5135494512361158, 0.6850429411714003, -0.499715475010892, 0.13140614110824614], "inputs": [3, 3, 3, 3], "outputs": [3, 3, 3, 3], "time_start": null, "time_complete": null, "actions": null}]}, {"name": "Flat Sleep (Individual)", "assignments": [[0], [1], [2], [3]], "tasks": [{"designers": [0], "num_inputs": [2], "num_outputs": [2], "coupling": [[-0.874745111673244, -0.4845833154409712], [-0.4845833154409713, 0.8747451116732441]], "target": [0.018349534725489836, 0.9998316331139749], "inputs": [0, 0], "outputs": [0, 0], "time_start": null, "time_complete": null, "actions": null}, {"designers": [1], "num_inputs": [2], "num_outputs": [2], "coupling": [[-0.6582656263697039, -0.7527857365413492], [-0.7527857365413491, 0.658265626369704]], "target": [0.39278143882840144, 0.919631850966402], "inputs": [1, 1], "outputs": [1, 1], "time_start": null, "time_complete": null, "actions": null}, {"designers": [2], "num_inputs": [2], "num_outputs": [2], "coupling": [[-0.9274858474565304, -0.3738582656139113], [-0.37385826561391133, 0.9274858474565302]], "target": [0.7536299030753313, 0.6572989952758693], "inputs": [2, 2], "outputs": [2, 2], "time_start": null, "time_complete": null, "actions": null}, {"designers": [3], "num_inputs": [2], "num_outputs": [2], "coupling": [[-0.7587921572231607, -0.6513328351439238], [-0.6513328351439237, 0.7587921572231607]], "target": [0.9210113797493245, 0.3895356702180761], "inputs": [3, 3], "outputs": [3, 3], "time_start": null, "time_complete": null, "actions": null}]}, {"name": "Impolite Heat (Individual)", "assignments": [[0], [1], [2], [3]], "tasks": [{"designers": [0], "num_inputs": [4], "num_outputs": [4], "coupling": [[-0.4724095674687727, 0.1941444988023687, -0.7392032176583568, -0.4389939830479179], [-0.4715309361761997, -0.8349931259251718, 0.2009268559674815, -0.2001835518656046], [-0.6943378810812784, 0.26358393302561495, 0.12193034813093263, 0.6584462068772043], [-0.26904030123445033, 0.4422871278855341, 0.6311418158854825, -0.5776326004124221]], "target": [0.09801368327474358, 0.7825251327497074, 0.3339460903023858, 0.5162632499778789], "inputs": [0, 0, 0, 0], "outputs": [0, 0, 0, 0], "time_start": null, "time_complete": null, "actions": null}, {"designers": [1], "num_inputs": [4], "num_outputs": [4], "coupling": [[-0.3952322547188543, -0.045631265785489795, -0.8223462525111803, 0.40676269911765867], [-0.655850525965983, -0.19497807242532195, 0.558181979211842, 0.46933625147286545], [-0.42212132050029066, 0.8680040778668053, 0.02600671328284753, -0.26020407846517696], [-0.48524750715391063, -0.4543899863143083, -0.10725283179568454, -0.7392979285849547]], "target": [-0.47088524672985965, 0.6894079806177041, -0.12777997772070815, 0.5354026503170055], "inputs": [1, 1, 1, 1], "outputs": [1, 1, 1, 1], "time_start": null, "time_complete": null, "actions": null}, {"designers": [2], "num_inputs": [4], "num_outputs": [4], "coupling": [[-0.49328143538672486, 0.4867542847079206, -0.7207260679886313, 0.017251862013744304], [-0.6199931546304588, 0.1337689388759706, 0.5281942783676448, 0.5645574935319274], [-0.5594887465303687, -0.21347885803290068, 0.22031976272192988, -0.7699729357795624], [-0.24342197152283132, -0.836422688886096, -0.39118274677634157, 0.296848257399312]], "target": [-0.4277114769237207, 0.15896723144236016, 0.8747625341693677, 0.16304238911665325], "inputs": [2, 2, 2, 2], "outputs": [2, 2, 2, 2], "time_start": null, "time_complete": null, "actions": null}, {"designers": [3], "num_inputs": [4], "num_outputs": [4], "coupling": [[-0.5983311587250915, -0.1334979339013474, 0.6585881638364395, 0.43639403822383804], [-0.4779950553657987, -0.7148197429934048, -0.4940017100372495, -0.12851370570084353], [-0.3730319977611987, 0.21441863513046974, 0.27440510722565614, -0.8599846595629205], [-0.5238011838387021, 0.65210097805455, -0.4969162686643466, 0.23123766165176635]], "target": [0.15536870617838128, 0.2149674489252393, -0.5596947951653398, 0.7851059147069639], "inputs": [3, 3, 3, 3], "outputs": [3, 3, 3, 3], "time_start": null, "time_complete": null, "actions": null}]}]}