{"name": "experiment009", "num_designers": 4, "error_tol": 0.05, "training": [{"name": "Training Task 1/5 (Individual)", "assignments": [[0], [1], [2], [3]], "tasks": [{"designers": [0], "num_inputs": [1], "num_outputs": [1], "coupling": [[1.0]], "target": [1.0], "inputs": [0], "outputs": [0], "time_start": null, "time_complete": null, "actions": null, "score": null}, {"designers": [1], "num_inputs": [1], "num_outputs": [1], "coupling": [[1.0]], "target": [1.0], "inputs": [1], "outputs": [1], "time_start": null, "time_complete": null, "actions": null, "score": null}, {"designers": [2], "num_inputs": [1], "num_outputs": [1], "coupling": [[1.0]], "target": [-1.0], "inputs": [2], "outputs": [2], "time_start": null, "time_complete": null, "actions": null, "score": null}, {"designers": [3], "num_inputs": [1], "num_outputs": [1], "coupling": [[1.0]], "target": [-1.0], "inputs": [3], "outputs": [3], "time_start": null, "time_complete": null, "actions": null, "score": null}], "max_time": 90000}, {"name": "Training Task 2/5 (Individual)", "assignments": [[0], [1], [2], [3]], "tasks": [{"designers": [0], "num_inputs": [2], "num_outputs": [2], "coupling": [[-0.673805346421886, -0.7389088950156726], [-0.7389088950156726, 0.673805346421886]], "target": [-0.40665784127542914, 0.9135805383923238], "inputs": [0, 0], "outputs": [0, 0], "time_start": null, "time_complete": null, "actions": null, "score": null}, {"designers": [1], "num_inputs": [2], "num_outputs": [2], "coupling": [[0.2613806398540457, 0.9652358059611592], [0.9652358059611595, -0.26138063985404586]], "target": [-0.9022406807522214, -0.4312328303779392], "inputs": [1, 1], "outputs": [1, 1], "time_start": null, "time_complete": null, "actions": null, "score": null}, {"designers": [2], "num_inputs": [2], "num_outputs": [2], "coupling": [[-0.23296295255127344, -0.9724856105560604], [-0.9724856105560602, 0.23296295255127353]], "target": [-0.3037389166710165, 0.9527553046294297], "inputs": [2, 2], "outputs": [2, 2], "time_start": null, "time_complete": null, "actions": null, "score": null}, {"designers": [3], "num_inputs": [2], "num_outputs": [2], "coupling": [[-0.3646889868213048, -0.9311293910575752], [-0.9311293910575751, 0.36468898682130424]], "target": [0.9087732081982409, 0.4172903737939286], "inputs": [3, 3], "outputs": [3, 3], "time_start": null, "time_complete": null, "actions": null, "score": null}], "max_time": 120000}, {"name": "Training Task 3/5 (Pair)", "assignments": [[0, 1], [2, 3]], "tasks": [{"designers": [0, 1], "num_inputs": [1, 1], "num_outputs": [1, 1], "coupling": [[1, 0], [0, 1]], "target": [0.33090038851573045, 0.9436656891506329], "inputs": [0, 1], "outputs": [0, 1], "time_start": null, "time_complete": null, "actions": null, "score": null}, {"designers": [2, 3], "num_inputs": [1, 1], "num_outputs": [1, 1], "coupling": [[-1, 0], [0, 1]], "target": [-0.9260769805995803, 0.37733463398363565], "inputs": [2, 3], "outputs": [2, 3], "time_start": null, "time_complete": null, "actions": null, "score": null}], "max_time": 270000}, {"name": "Training Task 4/5 (Pair)", "assignments": [[0, 1], [2, 3]], "tasks": [{"designers": [0, 1], "num_inputs": [1, 1], "num_outputs": [1, 1], "coupling": [[-0.4133841052550029, -0.9105567426154834], [-0.9105567426154835, 0.4133841052550032]], "target": [0.3416272644187537, -0.9398355240177714], "inputs": [0, 1], "outputs": [0, 1], "time_start": null, "time_complete": null, "actions": null, "score": null}, {"designers": [2, 3], "num_inputs": [1, 1], "num_outputs": [1, 1], "coupling": [[-0.08841839789524203, -0.9960834236717515], [-0.9960834236717516, 0.08841839789524227]], "target": [0.4092317910120462, 0.9124304582953557], "inputs": [2, 3], "outputs": [2, 3], "time_start": null, "time_complete": null, "actions": null, "score": null}], "max_time": 270000}, {"name": "Training Task 5/5 (Pair)", "assignments": [[0, 1], [2, 3]], "tasks": [{"designers": [0, 1], "num_inputs": [2, 1], "num_outputs": [2, 1], "coupling": [[-0.4672571761360879, 0.8302913814913457, -0.30378767777927085], [-0.5245681753249642, -0.5369436383554276, -0.660696419443812], [-0.7116874038407364, -0.1493577954136594, 0.6864352031791525]], "target": [-0.8253296182104, -0.5606224975085704, -0.06733079972738133], "inputs": [0, 0, 1], "outputs": [0, 0, 1], "time_start": null, "time_complete": null, "actions": null, "score": null}, {"designers": [2, 3], "num_inputs": [2, 1], "num_outputs": [2, 1], "coupling": [[-0.5873393125051652, 0.8047323218708043, 0.08624628758609704], [-0.6779954574693374, -0.43102474744636743, -0.5954324703438157], [-0.44198947005206374, -0.40819548898195634, 0.7987626375450201]], "target": [0.5832365459009838, 0.6789833564963492, -0.4458887003798605], "inputs": [2, 2, 3], "outputs": [2, 2, 3], "time_start": null, "time_complete": null, "actions": null, "score": null}], "max_time": 540000}], "rounds": [{"name": "Flat Sleep (Individual)", "assignments": [[0], [1], [2], [3]], "tasks": [{"designers": [0], "num_inputs": [2], "num_outputs": [2], "coupling": [[0.634667701246152, 0.7727851635447751], [0.7727851635447752, -0.6346677012461521]], "target": [0.0041788302427172574, 0.9999912686507831], "inputs": [0, 0], "outputs": [0, 0], "time_start": null, "time_complete": null, "actions": null, "score": null}, {"designers": [1], "num_inputs": [2], "num_outputs": [2], "coupling": [[-0.6422142839282174, -0.7665251551766368], [-0.7665251551766368, 0.6422142839282174]], "target": [0.8996564890653496, 0.4365984444344806], "inputs": [1, 1], "outputs": [1, 1], "time_start": null, "time_complete": null, "actions": null, "score": null}, {"designers": [2], "num_inputs": [2], "num_outputs": [2], "coupling": [[-0.8538843644185198, -0.5204627673538046], [-0.5204627673538047, 0.8538843644185198]], "target": [-0.9370552350551382, 0.3491811656658474], "inputs": [2, 2], "outputs": [2, 2], "time_start": null, "time_complete": null, "actions": null, "score": null}, {"designers": [3], "num_inputs": [2], "num_outputs": [2], "coupling": [[-0.6067545515021666, -0.7948892465189125], [-0.7948892465189126, 0.6067545515021666]], "target": [0.6065659050169132, -0.7950332086592441], "inputs": [3, 3], "outputs": [3, 3], "time_start": null, "time_complete": null, "actions": null, "score": null}], "max_time": 120000}, {"name": "Economic Motion (Individual)", "assignments": [[0], [1], [2], [3]], "tasks": [{"designers": [0], "num_inputs": [2], "num_outputs": [2], "coupling": [[-0.9643593459400904, -0.26459601640614505], [-0.264596016406145, 0.9643593459400903]], "target": [0.3387078335447895, 0.9408916002895317], "inputs": [0, 0], "outputs": [0, 0], "time_start": null, "time_complete": null, "actions": null, "score": null}, {"designers": [1], "num_inputs": [2], "num_outputs": [2], "coupling": [[-0.257014813406944, -0.966407463593589], [-0.9664074635935892, 0.2570148134069437]], "target": [-0.45476503159170334, -0.8906114562711379], "inputs": [1, 1], "outputs": [1, 1], "time_start": null, "time_complete": null, "actions": null, "score": null}, {"designers": [2], "num_inputs": [2], "num_outputs": [2], "coupling": [[-0.2012742673708132, -0.9795349249997891], [-0.9795349249997891, 0.2012742673708129]], "target": [0.2149227671988183, -0.9766310481136685], "inputs": [2, 2], "outputs": [2, 2], "time_start": null, "time_complete": null, "actions": null, "score": null}, {"designers": [3], "num_inputs": [2], "num_outputs": [2], "coupling": [[-0.810219010119863, -0.5861272520881363], [-0.5861272520881363, 0.8102190101198629]], "target": [0.9067091104715772, -0.4217565518019154], "inputs": [3, 3], "outputs": [3, 3], "time_start": null, "time_complete": null, "actions": null, "score": null}], "max_time": 120000}, {"name": "Unwritten Experience (Individual)", "assignments": [[0], [1], [2], [3]], "tasks": [{"designers": [0], "num_inputs": [3], "num_outputs": [3], "coupling": [[-0.3594501631707785, 0.4593310294056412, -0.8122872556070636], [-0.4186322744538762, -0.8573309502048828, -0.2995507646566228], [-0.8339919657778938, 0.23237609009092755, 0.5004585435098274]], "target": [0.45876066671756854, 0.8240039072573883, -0.33249994210136335], "inputs": [0, 0, 0], "outputs": [0, 0, 0], "time_start": null, "time_complete": null, "actions": null, "score": null}, {"designers": [1], "num_inputs": [3], "num_outputs": [3], "coupling": [[-0.6986563164492011, 0.18147989005476883, -0.692058090763588], [-0.20057183702444334, -0.97818806339076, -0.05402824106404141], [-0.686768002806096, 0.10106019070604916, 0.7198170240944453]], "target": [-0.3126933935378471, 0.7487688373808452, 0.5844382514903713], "inputs": [1, 1, 1], "outputs": [1, 1, 1], "time_start": null, "time_complete": null, "actions": null, "score": null}, {"designers": [2], "num_inputs": [3], "num_outputs": [3], "coupling": [[-0.3947542137598012, 0.32068433804741797, 0.8610056132511394], [-0.5336844304123686, 0.6827822362206607, -0.4989883231468842], [-0.7478970781159037, -0.6564830334689563, -0.09838692653544236]], "target": [-0.29507999124974904, -0.8781230459885657, -0.37660020561307633], "inputs": [2, 2, 2], "outputs": [2, 2, 2], "time_start": null, "time_complete": null, "actions": null, "score": null}, {"designers": [3], "num_inputs": [3], "num_outputs": [3], "coupling": [[-0.3216349264105424, -0.2526627008562721, -0.9125308398672886], [-0.7438789098253445, -0.5288435817527117, 0.4086179554988003], [-0.5858285940699217, 0.8102382523893678, -0.017855887966769547]], "target": [-0.5076379197981906, -0.38268486874258584, -0.7719171157698445], "inputs": [3, 3, 3], "outputs": [3, 3, 3], "time_start": null, "time_complete": null, "actions": null, "score": null}], "max_time": 240000}, {"name": "Noiseless Stone (Individual)", "assignments": [[0], [1], [2], [3]], "tasks": [{"designers": [0], "num_inputs": [3], "num_outputs": [3], "coupling": [[-0.5660379305753045, 0.5709245684199026, -0.5946815940691066], [-0.8142155063992225, -0.5001025141067922, 0.2948738450984132], [-0.12905103753586594, 0.6511087563215635, 0.7479326287522848]], "target": [0.6082303438642027, 0.5907587757541726, 0.5301508442625222], "inputs": [0, 0, 0], "outputs": [0, 0, 0], "time_start": null, "time_complete": null, "actions": null, "score": null}, {"designers": [1], "num_inputs": [3], "num_outputs": [3], "coupling": [[-0.632985182899885, 0.5970328638683835, -0.492830110373053], [-0.46588845898686587, -0.8021882535896039, -0.37341926782867674], [-0.6182861004519207, -0.006765002880847436, 0.7859239993307111]], "target": [-0.23411486710054197, 0.9689171296616726, -0.07993638001986968], "inputs": [1, 1, 1], "outputs": [1, 1, 1], "time_start": null, "time_complete": null, "actions": null, "score": null}, {"designers": [2], "num_inputs": [3], "num_outputs": [3], "coupling": [[-0.4140940387259599, 0.7285233750514605, 0.5456920551879526], [-0.7626501207523906, 0.049569923562232464, -0.6449089982271902], [-0.49688119345371334, -0.6832250834693224, 0.5350818301067141]], "target": [-0.3872699905054522, 0.6230520395887156, 0.6795793628548829], "inputs": [2, 2, 2], "outputs": [2, 2, 2], "time_start": null, "time_complete": null, "actions": null, "score": null}, {"designers": [3], "num_inputs": [3], "num_outputs": [3], "coupling": [[-0.4908808232299227, 0.8599681622740123, -0.13960937382629893], [-0.7416018046375149, -0.4965446968388127, -0.4510766314049449], [-0.4572338359564986, -0.11789030458994323, 0.8814982106279037]], "target": [0.4550856167426509, -0.5998720640798549, -0.6580657931928507], "inputs": [3, 3, 3], "outputs": [3, 3, 3], "time_start": null, "time_complete": null, "actions": null, "score": null}], "max_time": 240000}, {"name": "Staking System (Pair)", "assignments": [[0, 1], [2, 3]], "tasks": [{"designers": [0, 1], "num_inputs": [1, 1], "num_outputs": [1, 1], "coupling": [[-0.6261324489913347, -0.7797167154294651], [-0.7797167154294651, 0.6261324489913347]], "target": [0.030803628681077777, -0.9995254556338613], "inputs": [0, 1], "outputs": [0, 1], "time_start": null, "time_complete": null, "actions": null, "score": null}, {"designers": [2, 3], "num_inputs": [1, 1], "num_outputs": [1, 1], "coupling": [[-0.7193960098246014, -0.6946001591192177], [-0.6946001591192177, 0.7193960098246012]], "target": [-0.8488099641408808, 0.5286980657947943], "inputs": [2, 3], "outputs": [2, 3], "time_start": null, "time_complete": null, "actions": null, "score": null}], "max_time": 180000}, {"name": "Towering Test (Pair)", "assignments": [[0, 1], [2, 3]], "tasks": [{"designers": [0, 1], "num_inputs": [1, 1], "num_outputs": [1, 1], "coupling": [[-0.9767526755286192, -0.2143693328059839], [-0.21436933280598394, 0.9767526755286197]], "target": [0.7949828168987565, -0.6066319484133014], "inputs": [0, 1], "outputs": [0, 1], "time_start": null, "time_complete": null, "actions": null, "score": null}, {"designers": [2, 3], "num_inputs": [1, 1], "num_outputs": [1, 1], "coupling": [[-0.9230979712660569, -0.3845648650676372], [-0.38456486506763726, 0.9230979712660569]], "target": [-0.9929645007821466, -0.11841241567699942], "inputs": [2, 3], "outputs": [2, 3], "time_start": null, "time_complete": null, "actions": null, "score": null}], "max_time": 180000}, {"name": "Thinkable Ink (Pair)", "assignments": [[0, 1], [2, 3]], "tasks": [{"designers": [0, 1], "num_inputs": [1, 1], "num_outputs": [1, 1], "coupling": [[-0.9676636908720413, -0.2522438926275495], [-0.2522438926275495, 0.9676636908720412]], "target": [0.3809471527406907, 0.9245968131130241], "inputs": [0, 1], "outputs": [0, 1], "time_start": null, "time_complete": null, "actions": null, "score": null}, {"designers": [2, 3], "num_inputs": [1, 1], "num_outputs": [1, 1], "coupling": [[-0.837275368625388, -0.5467814527699533], [-0.5467814527699534, 0.837275368625388]], "target": [-0.40691268278246495, -0.9134670593900893], "inputs": [2, 3], "outputs": [2, 3], "time_start": null, "time_complete": null, "actions": null, "score": null}], "max_time": 180000}, {"name": "Better Behavior (Pair)", "assignments": [[0, 1], [2, 3]], "tasks": [{"designers": [0, 1], "num_inputs": [2, 1], "num_outputs": [2, 1], "coupling": [[-0.14999135106227754, 0.3508821525909487, 0.9243291132489848], [-0.7939849575095947, 0.5143474367425223, -0.3240904218962419], [-0.5891438549751659, -0.7825141719544381, 0.2014474840633689]], "target": [0.6931052684570083, -0.2478316471582454, 0.6768933161909411], "inputs": [0, 0, 1], "outputs": [0, 0, 1], "time_start": null, "time_complete": null, "actions": null, "score": null}, {"designers": [2, 3], "num_inputs": [2, 1], "num_outputs": [2, 1], "coupling": [[-0.46171497409353635, 0.8292832787412027, -0.3148150668218506], [-0.8157989436504446, -0.5363412826399898, -0.21635644680690427], [-0.3482691003184517, 0.15693078772609062, 0.9241652242034673]], "target": [0.9899490064744596, -0.12225151254870537, -0.0711022662070911], "inputs": [2, 2, 3], "outputs": [2, 2, 3], "time_start": null, "time_complete": null, "actions": null, "score": null}], "max_time": 360000}, {"name": "Hallowed Sign (Pair)", "assignments": [[1, 0], [3, 2]], "tasks": [{"designers": [1, 0], "num_inputs": [2, 1], "num_outputs": [2, 1], "coupling": [[-0.20771768195403545, 0.9385651642126525, -0.2755880932299487], [-0.5930368050737547, -0.3448826531520723, -0.7275735724878286], [-0.7779207623090905, 0.012303986397268731, 0.6282419115971012]], "target": [0.5758714723008285, -0.8130499841472263, -0.08556734580592724], "inputs": [1, 1, 0], "outputs": [1, 1, 0], "time_start": null, "time_complete": null, "actions": null, "score": null}, {"designers": [3, 2], "num_inputs": [2, 1], "num_outputs": [2, 1], "coupling": [[-0.7116728527035756, -0.7001619356889912, 0.05740221717842995], [-0.6012260829217805, 0.6492962318855569, 0.4657699007812221], [-0.3633853986324808, 0.29696408380722084, -0.8830421196009005]], "target": [-0.9191656126716736, -0.14572156284941726, 0.36592321954561785], "inputs": [3, 3, 2], "outputs": [3, 3, 2], "time_start": null, "time_complete": null, "actions": null, "score": null}], "max_time": 360000}, {"name": "Absorbed Copper (Pair)", "assignments": [[1, 0], [3, 2]], "tasks": [{"designers": [1, 0], "num_inputs": [2, 1], "num_outputs": [2, 1], "coupling": [[-0.24926527553509634, -0.17649296896588945, -0.952216915580698], [-0.5840110411242692, -0.7569523796832369, 0.2931794650667602], [-0.7725269744529046, 0.6291846523855219, 0.08560810093180671]], "target": [0.35520247297347307, -0.9332620741786015, 0.05341445584655237], "inputs": [1, 1, 0], "outputs": [1, 1, 0], "time_start": null, "time_complete": null, "actions": null, "score": null}, {"designers": [3, 2], "num_inputs": [2, 1], "num_outputs": [2, 1], "coupling": [[-0.689568029437901, 0.3608049996231817, -0.6279456067399839], [-0.5014609960041464, -0.8634591761887169, 0.05454466556898131], [-0.5225254082469676, 0.3525024869450121, 0.7763434770988428]], "target": [-0.0934981994643791, -0.8914810585286126, -0.4433053225279652], "inputs": [3, 3, 2], "outputs": [3, 3, 2], "time_start": null, "time_complete": null, "actions": null, "score": null}], "max_time": 360000}]}