{"name": "experiment007", "num_designers": 4, "error_tol": 0.05, "training": [{"name": "Training Task 1/5 (Individual)", "assignments": [[0], [1], [2], [3]], "tasks": [{"designers": [0], "num_inputs": [1], "num_outputs": [1], "coupling": [[1.0]], "target": [-1.0], "inputs": [0], "outputs": [0], "time_start": null, "time_complete": null, "actions": null, "score": null}, {"designers": [1], "num_inputs": [1], "num_outputs": [1], "coupling": [[1.0]], "target": [-1.0], "inputs": [1], "outputs": [1], "time_start": null, "time_complete": null, "actions": null, "score": null}, {"designers": [2], "num_inputs": [1], "num_outputs": [1], "coupling": [[1.0]], "target": [1.0], "inputs": [2], "outputs": [2], "time_start": null, "time_complete": null, "actions": null, "score": null}, {"designers": [3], "num_inputs": [1], "num_outputs": [1], "coupling": [[1.0]], "target": [-1.0], "inputs": [3], "outputs": [3], "time_start": null, "time_complete": null, "actions": null, "score": null}], "max_time": 90000}, {"name": "Training Task 2/5 (Individual)", "assignments": [[0], [1], [2], [3]], "tasks": [{"designers": [0], "num_inputs": [2], "num_outputs": [2], "coupling": [[-0.6366191596045991, -0.7711783487782409], [-0.7711783487782409, 0.636619159604599]], "target": [0.22296094730114113, 0.9748273775282359], "inputs": [0, 0], "outputs": [0, 0], "time_start": null, "time_complete": null, "actions": null, "score": null}, {"designers": [1], "num_inputs": [2], "num_outputs": [2], "coupling": [[-0.8010006406329884, -0.5986634895377725], [-0.5986634895377725, 0.8010006406329883]], "target": [-0.8977276049683529, 0.4405509587752422], "inputs": [1, 1], "outputs": [1, 1], "time_start": null, "time_complete": null, "actions": null, "score": null}, {"designers": [2], "num_inputs": [2], "num_outputs": [2], "coupling": [[-0.7738796557161818, -0.6333326759836442], [-0.6333326759836441, 0.7738796557161819]], "target": [-0.3234219149253219, -0.9462548625745801], "inputs": [2, 2], "outputs": [2, 2], "time_start": null, "time_complete": null, "actions": null, "score": null}, {"designers": [3], "num_inputs": [2], "num_outputs": [2], "coupling": [[-0.8665265977638973, -0.49913090003297217], [-0.4991309000329722, 0.8665265977638974]], "target": [0.4145613068835925, 0.910021385921764], "inputs": [3, 3], "outputs": [3, 3], "time_start": null, "time_complete": null, "actions": null, "score": null}], "max_time": 120000}, {"name": "Training Task 3/5 (Pair)", "assignments": [[0, 1], [2, 3]], "tasks": [{"designers": [0, 1], "num_inputs": [1, 1], "num_outputs": [1, 1], "coupling": [[-1, 0], [0, 1]], "target": [-0.5154434956449208, -0.8569235688189143], "inputs": [0, 1], "outputs": [0, 1], "time_start": null, "time_complete": null, "actions": null, "score": null}, {"designers": [2, 3], "num_inputs": [1, 1], "num_outputs": [1, 1], "coupling": [[-1, 0], [0, 1]], "target": [0.7399850219214266, 0.6726233472991743], "inputs": [2, 3], "outputs": [2, 3], "time_start": null, "time_complete": null, "actions": null, "score": null}], "max_time": 270000}, {"name": "Training Task 4/5 (Pair)", "assignments": [[0, 1], [2, 3]], "tasks": [{"designers": [0, 1], "num_inputs": [1, 1], "num_outputs": [1, 1], "coupling": [[-0.8907189172210215, -0.4545545187374242], [-0.45455451873742425, 0.8907189172210214]], "target": [0.7746363102414253, -0.6324069788162924], "inputs": [0, 1], "outputs": [0, 1], "time_start": null, "time_complete": null, "actions": null, "score": null}, {"designers": [2, 3], "num_inputs": [1, 1], "num_outputs": [1, 1], "coupling": [[-0.5323171599394085, -0.8465450024860122], [-0.846545002486012, 0.5323171599394085]], "target": [-0.8787046569956172, -0.47736581965429287], "inputs": [2, 3], "outputs": [2, 3], "time_start": null, "time_complete": null, "actions": null, "score": null}], "max_time": 270000}, {"name": "Training Task 5/5 (Pair)", "assignments": [[0, 1], [2, 3]], "tasks": [{"designers": [0, 1], "num_inputs": [2, 1], "num_outputs": [2, 1], "coupling": [[-0.6573668820062271, 0.6624467588113147, -0.35921174003892875], [-0.6144529192888012, -0.7471501357478996, -0.25340537608615454], [-0.4362526703859603, 0.05413840034835895, 0.8981940999521425]], "target": [-0.5963572914431421, 0.3353110088035758, -0.7293315489663992], "inputs": [0, 0, 1], "outputs": [0, 0, 1], "time_start": null, "time_complete": null, "actions": null, "score": null}, {"designers": [2, 3], "num_inputs": [2, 1], "num_outputs": [2, 1], "coupling": [[-0.7686017286899013, -0.30778449222794113, -0.5608209063496863], [-0.5363567078829103, -0.16777117987449677, 0.8271483017648804], [-0.3486730052124791, 0.936547669661031, -0.036133058112909115]], "target": [-0.38557048550123874, 0.388744412828361, 0.8367874175709578], "inputs": [2, 2, 3], "outputs": [2, 2, 3], "time_start": null, "time_complete": null, "actions": null, "score": null}], "max_time": 540000}], "rounds": [{"name": "Flat Sleep (Individual)", "assignments": [[0], [1], [2], [3]], "tasks": [{"designers": [0], "num_inputs": [2], "num_outputs": [2], "coupling": [[-0.7720571503145451, -0.6355531108004933], [-0.6355531108004933, 0.7720571503145451]], "target": [-0.9994690800790866, -0.032581558677645193], "inputs": [0, 0], "outputs": [0, 0], "time_start": null, "time_complete": null, "actions": null, "score": null}, {"designers": [1], "num_inputs": [2], "num_outputs": [2], "coupling": [[-0.20357363596324837, -0.9790596379897919], [-0.9790596379897917, 0.2035736359632489]], "target": [0.3331861355443675, -0.9428610709330459], "inputs": [1, 1], "outputs": [1, 1], "time_start": null, "time_complete": null, "actions": null, "score": null}, {"designers": [2], "num_inputs": [2], "num_outputs": [2], "coupling": [[-0.9048752668508282, -0.4256768157201454], [-0.4256768157201453, 0.9048752668508282]], "target": [-0.6458437714944714, 0.7634695952176462], "inputs": [2, 2], "outputs": [2, 2], "time_start": null, "time_complete": null, "actions": null, "score": null}, {"designers": [3], "num_inputs": [2], "num_outputs": [2], "coupling": [[-0.9206641462438101, -0.39035564530458133], [-0.3903556453045811, 0.9206641462438101]], "target": [0.34240499893278975, 0.9395524555371224], "inputs": [3, 3], "outputs": [3, 3], "time_start": null, "time_complete": null, "actions": null, "score": null}], "max_time": 120000}, {"name": "Economic Motion (Individual)", "assignments": [[0], [1], [2], [3]], "tasks": [{"designers": [0], "num_inputs": [2], "num_outputs": [2], "coupling": [[-0.8061680579373449, -0.5916866251332114], [-0.5916866251332114, 0.806168057937345]], "target": [-0.8219416853763981, 0.5695716511911441], "inputs": [0, 0], "outputs": [0, 0], "time_start": null, "time_complete": null, "actions": null, "score": null}, {"designers": [1], "num_inputs": [2], "num_outputs": [2], "coupling": [[-0.6250835793938326, -0.7805578253865592], [-0.7805578253865592, 0.6250835793938326]], "target": [-0.9857078873313123, 0.16846352974113077], "inputs": [1, 1], "outputs": [1, 1], "time_start": null, "time_complete": null, "actions": null, "score": null}, {"designers": [2], "num_inputs": [2], "num_outputs": [2], "coupling": [[0.6404393744026665, 0.7680087289313322], [0.7680087289313325, -0.6404393744026667]], "target": [0.9422484052150542, -0.33491482927706756], "inputs": [2, 2], "outputs": [2, 2], "time_start": null, "time_complete": null, "actions": null, "score": null}, {"designers": [3], "num_inputs": [2], "num_outputs": [2], "coupling": [[-0.5436552819196081, -0.83930860500826], [-0.8393086050082601, 0.5436552819196082]], "target": [-0.13276806960419107, 0.9911471332216911], "inputs": [3, 3], "outputs": [3, 3], "time_start": null, "time_complete": null, "actions": null, "score": null}], "max_time": 120000}, {"name": "Unwritten Experience (Individual)", "assignments": [[0], [1], [2], [3]], "tasks": [{"designers": [0], "num_inputs": [3], "num_outputs": [3], "coupling": [[-0.4945548711423335, 0.2640240996417686, -0.8280741236373367], [-0.6870541712164645, -0.7022862594174902, 0.18641506282338433], [-0.5323270096880738, 0.6611242580950594, 0.5287179494917971]], "target": [-0.31624412741525587, -0.7091705744067078, 0.630132326000677], "inputs": [0, 0, 0], "outputs": [0, 0, 0], "time_start": null, "time_complete": null, "actions": null, "score": null}, {"designers": [1], "num_inputs": [3], "num_outputs": [3], "coupling": [[-0.6809615665530262, 0.6754250496199663, -0.28300591376067447], [-0.7002754922855756, -0.7136407153244262, -0.01819792118445553], [-0.21425587455620176, 0.18579002066071015, 0.9589455085879749]], "target": [-0.3989628802331737, 0.5832407629019213, 0.7075724928836868], "inputs": [1, 1, 1], "outputs": [1, 1, 1], "time_start": null, "time_complete": null, "actions": null, "score": null}, {"designers": [2], "num_inputs": [3], "num_outputs": [3], "coupling": [[-0.4452759911977467, -0.5408937792113632, -0.7135567330446215], [-0.6105048385120756, -0.3995549778902104, 0.6838418397528023], [-0.6549909417817994, 0.7401281910950304, -0.15230603051156216]], "target": [0.6052231631968623, -0.37655863955526775, -0.7013618992405206], "inputs": [2, 2, 2], "outputs": [2, 2, 2], "time_start": null, "time_complete": null, "actions": null, "score": null}, {"designers": [3], "num_inputs": [3], "num_outputs": [3], "coupling": [[-0.4916820134202465, 0.8703190266918425, 0.028170719855500247], [-0.3849797055021015, -0.18824672171429613, -0.9035229925770211], [-0.7810502058322039, -0.45509115959550867, 0.4276126897409469]], "target": [-0.5990074502255016, 0.39021749440794207, -0.6992284187819678], "inputs": [3, 3, 3], "outputs": [3, 3, 3], "time_start": null, "time_complete": null, "actions": null, "score": null}], "max_time": 240000}, {"name": "Noiseless Stone (Individual)", "assignments": [[0], [1], [2], [3]], "tasks": [{"designers": [0], "num_inputs": [3], "num_outputs": [3], "coupling": [[-0.7324969871449101, 0.147058888627915, -0.6646968084015089], [-0.5911893632714919, -0.6215467221951826, 0.5139793856596513], [-0.3375548852827903, 0.7694500343777672, 0.5422207521091158]], "target": [-0.6782893616704604, -0.6281390578481864, 0.38126744661755785], "inputs": [0, 0, 0], "outputs": [0, 0, 0], "time_start": null, "time_complete": null, "actions": null, "score": null}, {"designers": [1], "num_inputs": [3], "num_outputs": [3], "coupling": [[-0.5388873073203143, 0.153229201869869, -0.8283243819322137], [-0.5681934021764545, -0.7920662763593881, 0.22313061550876212], [-0.6218976826876, 0.5908907052480147, 0.5138982844097624]], "target": [0.858138901056116, -0.4111420713425045, 0.3075058107847659], "inputs": [1, 1, 1], "outputs": [1, 1, 1], "time_start": null, "time_complete": null, "actions": null, "score": null}, {"designers": [2], "num_inputs": [3], "num_outputs": [3], "coupling": [[-0.5721426949856092, 0.4671605033136984, 0.6741022183009752], [-0.5451332766014231, 0.39747478778428, -0.7381351528125709], [-0.6127662256655472, -0.7897941866204973, 0.027252439598435436]], "target": [-0.32808370117681784, 0.6907093339430695, 0.6444235416448114], "inputs": [2, 2, 2], "outputs": [2, 2, 2], "time_start": null, "time_complete": null, "actions": null, "score": null}, {"designers": [3], "num_inputs": [3], "num_outputs": [3], "coupling": [[-0.6422634524031863, -0.38335230214226, -0.6637308717766329], [-0.5075785685821808, -0.4361411367595356, 0.7430645365929963], [-0.5743358376622552, 0.8141387604507779, 0.08553609944617772]], "target": [-0.7572136088380819, -0.3147172115468839, 0.5723465972175967], "inputs": [3, 3, 3], "outputs": [3, 3, 3], "time_start": null, "time_complete": null, "actions": null, "score": null}], "max_time": 240000}, {"name": "Staking System (Pair)", "assignments": [[0, 1], [2, 3]], "tasks": [{"designers": [0, 1], "num_inputs": [1, 1], "num_outputs": [1, 1], "coupling": [[-0.7042801114749923, -0.7099221961460087], [-0.7099221961460088, 0.7042801114749925]], "target": [-0.9099673737402052, 0.4146798508830082], "inputs": [0, 1], "outputs": [0, 1], "time_start": null, "time_complete": null, "actions": null, "score": null}, {"designers": [2, 3], "num_inputs": [1, 1], "num_outputs": [1, 1], "coupling": [[-0.8881287056900143, -0.4595948238713969], [-0.45959482387139694, 0.8881287056900141]], "target": [-0.7328899292431901, -0.6803472287103928], "inputs": [2, 3], "outputs": [2, 3], "time_start": null, "time_complete": null, "actions": null, "score": null}], "max_time": 180000}, {"name": "Towering Test (Pair)", "assignments": [[0, 1], [2, 3]], "tasks": [{"designers": [0, 1], "num_inputs": [1, 1], "num_outputs": [1, 1], "coupling": [[-0.7528593176705958, -0.6581814702622408], [-0.6581814702622407, 0.7528593176705957]], "target": [-0.9342763619824781, -0.35654968719771096], "inputs": [0, 1], "outputs": [0, 1], "time_start": null, "time_complete": null, "actions": null, "score": null}, {"designers": [2, 3], "num_inputs": [1, 1], "num_outputs": [1, 1], "coupling": [[-0.7428085366674237, -0.6695039042858528], [-0.6695039042858528, 0.7428085366674237]], "target": [0.872912988132289, -0.4878759218796911], "inputs": [2, 3], "outputs": [2, 3], "time_start": null, "time_complete": null, "actions": null, "score": null}], "max_time": 180000}, {"name": "Thinkable Ink (Pair)", "assignments": [[0, 1], [2, 3]], "tasks": [{"designers": [0, 1], "num_inputs": [1, 1], "num_outputs": [1, 1], "coupling": [[-0.5383989466750593, -0.8426900819513584], [-0.8426900819513584, 0.5383989466750592]], "target": [0.9850889740697901, 0.17204567174482513], "inputs": [0, 1], "outputs": [0, 1], "time_start": null, "time_complete": null, "actions": null, "score": null}, {"designers": [2, 3], "num_inputs": [1, 1], "num_outputs": [1, 1], "coupling": [[-0.534199463200372, -0.8453584645086571], [-0.8453584645086571, 0.5341994632003721]], "target": [0.688661077548921, -0.7250833884934607], "inputs": [2, 3], "outputs": [2, 3], "time_start": null, "time_complete": null, "actions": null, "score": null}], "max_time": 180000}, {"name": "Better Behavior (Pair)", "assignments": [[0, 1], [2, 3]], "tasks": [{"designers": [0, 1], "num_inputs": [2, 1], "num_outputs": [2, 1], "coupling": [[-0.13820545802519932, 0.738863425637437, -0.6595302037263769], [-0.7658395456178403, -0.5019794722401906, -0.40187858840366153], [-0.6280040141112992, 0.4495524971622017, 0.635227133044019]], "target": [0.9087405358055656, -0.3839221875432231, -0.16368992789979453], "inputs": [0, 0, 1], "outputs": [0, 0, 1], "time_start": null, "time_complete": null, "actions": null, "score": null}, {"designers": [2, 3], "num_inputs": [2, 1], "num_outputs": [2, 1], "coupling": [[-0.36752260150765886, 0.6748549187870324, 0.6399202887625848], [-0.4636293840626154, 0.4635290631057704, -0.7551083378496135], [-0.806210227927407, -0.5742052300747822, 0.142525163181818]], "target": [-0.2789663192518155, 0.6116925387075796, 0.7402769960039081], "inputs": [2, 2, 3], "outputs": [2, 2, 3], "time_start": null, "time_complete": null, "actions": null, "score": null}], "max_time": 360000}, {"name": "Hallowed Sign (Pair)", "assignments": [[1, 0], [3, 2]], "tasks": [{"designers": [1, 0], "num_inputs": [2, 1], "num_outputs": [2, 1], "coupling": [[-0.2722579687274097, 0.6448560313308727, 0.7141682556097138], [-0.7946613000575279, 0.2678268007912896, -0.5447772232470651], [-0.5425762772692007, -0.7158418146728368, 0.439524151453132]], "target": [-0.4449996584946214, -0.6254183268589268, 0.6409580488367796], "inputs": [1, 1, 0], "outputs": [1, 1, 0], "time_start": null, "time_complete": null, "actions": null, "score": null}, {"designers": [3, 2], "num_inputs": [2, 1], "num_outputs": [2, 1], "coupling": [[-0.5201168241633608, -0.8243494072152404, -0.223442484872734], [-0.599682506529052, 0.16618686320990597, 0.782791682288133], [-0.6081606535984168, 0.5411376731667594, -0.5807845022849804]], "target": [-0.6672602744064451, 0.2685289400084603, -0.694734434569763], "inputs": [3, 3, 2], "outputs": [3, 3, 2], "time_start": null, "time_complete": null, "actions": null, "score": null}], "max_time": 360000}, {"name": "Absorbed Copper (Pair)", "assignments": [[1, 0], [3, 2]], "tasks": [{"designers": [1, 0], "num_inputs": [2, 1], "num_outputs": [2, 1], "coupling": [[-0.2515199475424087, 0.5264732030923646, -0.8121352611566193], [-0.6465509055998678, -0.7158111525462961, -0.2637921916174442], [-0.7202149973835974, 0.45873779037268075, 0.5204325097721467]], "target": [-0.7021865236074127, -0.6613687280169688, 0.26367686979587984], "inputs": [1, 1, 0], "outputs": [1, 1, 0], "time_start": null, "time_complete": null, "actions": null, "score": null}, {"designers": [3, 2], "num_inputs": [2, 1], "num_outputs": [2, 1], "coupling": [[-0.20283795370381746, 0.48549808609833334, -0.8503813103144395], [-0.7584526182853825, -0.6271868476235649, -0.17716174526139472], [-0.6193596615483573, 0.6090388054655229, 0.4954445913357351]], "target": [-0.1590372654055816, -0.4413823973675557, -0.8831130887414043], "inputs": [3, 3, 2], "outputs": [3, 3, 2], "time_start": null, "time_complete": null, "actions": null, "score": null}], "max_time": 360000}]}