{"name": "experiment005", "num_designers": 4, "error_tol": 0.05, "training": [{"name": "Training Task 1/5 (Individual)", "assignments": [[0], [1], [2], [3]], "tasks": [{"designers": [0], "num_inputs": [1], "num_outputs": [1], "coupling": [[1.0]], "target": [1.0], "inputs": [0], "outputs": [0], "time_start": null, "time_complete": null, "actions": null, "score": null}, {"designers": [1], "num_inputs": [1], "num_outputs": [1], "coupling": [[1.0]], "target": [1.0], "inputs": [1], "outputs": [1], "time_start": null, "time_complete": null, "actions": null, "score": null}, {"designers": [2], "num_inputs": [1], "num_outputs": [1], "coupling": [[1.0]], "target": [-1.0], "inputs": [2], "outputs": [2], "time_start": null, "time_complete": null, "actions": null, "score": null}, {"designers": [3], "num_inputs": [1], "num_outputs": [1], "coupling": [[1.0]], "target": [-1.0], "inputs": [3], "outputs": [3], "time_start": null, "time_complete": null, "actions": null, "score": null}], "max_time": null}, {"name": "Training Task 2/5 (Individual)", "assignments": [[0], [1], [2], [3]], "tasks": [{"designers": [0], "num_inputs": [2], "num_outputs": [2], "coupling": [[-0.4633363276680483, -0.8861825136297186], [-0.8861825136297184, 0.46333632766804855]], "target": [-0.9743399469871878, -0.2250814690395541], "inputs": [0, 0], "outputs": [0, 0], "time_start": null, "time_complete": null, "actions": null, "score": null}, {"designers": [1], "num_inputs": [2], "num_outputs": [2], "coupling": [[-0.6733341241436325, -0.7393383239517123], [-0.7393383239517124, 0.6733341241436326]], "target": [0.2903458649574502, -0.9569217725091796], "inputs": [1, 1], "outputs": [1, 1], "time_start": null, "time_complete": null, "actions": null, "score": null}, {"designers": [2], "num_inputs": [2], "num_outputs": [2], "coupling": [[-0.5990838980109061, -0.8006862576215842], [-0.8006862576215841, 0.5990838980109062]], "target": [0.055289864763865104, -0.9984703455057606], "inputs": [2, 2], "outputs": [2, 2], "time_start": null, "time_complete": null, "actions": null, "score": null}, {"designers": [3], "num_inputs": [2], "num_outputs": [2], "coupling": [[-0.5545221006355883, -0.8321689972035092], [-0.8321689972035093, 0.5545221006355883]], "target": [-0.5494162589075084, 0.835548786396149], "inputs": [3, 3], "outputs": [3, 3], "time_start": null, "time_complete": null, "actions": null, "score": null}], "max_time": null}, {"name": "Training Task 3/5 (Pair)", "assignments": [[0, 1], [2, 3]], "tasks": [{"designers": [0, 1], "num_inputs": [1, 1], "num_outputs": [1, 1], "coupling": [[1, 0], [0, -1]], "target": [0.4204519029271143, 0.9073148281191973], "inputs": [0, 1], "outputs": [0, 1], "time_start": null, "time_complete": null, "actions": null, "score": null}, {"designers": [2, 3], "num_inputs": [1, 1], "num_outputs": [1, 1], "coupling": [[-1, 0], [0, 1]], "target": [0.6039825748488779, -0.7969975215011145], "inputs": [2, 3], "outputs": [2, 3], "time_start": null, "time_complete": null, "actions": null, "score": null}], "max_time": null}, {"name": "Training Task 4/5 (Pair)", "assignments": [[0, 1], [2, 3]], "tasks": [{"designers": [0, 1], "num_inputs": [1, 1], "num_outputs": [1, 1], "coupling": [[-0.6478797253687867, -0.7617426477860259], [-0.7617426477860257, 0.6478797253687867]], "target": [0.40718166106772613, -0.913347192961213], "inputs": [0, 1], "outputs": [0, 1], "time_start": null, "time_complete": null, "actions": null, "score": null}, {"designers": [2, 3], "num_inputs": [1, 1], "num_outputs": [1, 1], "coupling": [[-0.46223186786107884, -0.8867590993802418], [-0.8867590993802419, 0.46223186786107895]], "target": [0.9696731217430103, -0.2444054765531345], "inputs": [2, 3], "outputs": [2, 3], "time_start": null, "time_complete": null, "actions": null, "score": null}], "max_time": null}, {"name": "Training Task 5/5 (Pair)", "assignments": [[0, 1], [2, 3]], "tasks": [{"designers": [0, 1], "num_inputs": [2, 1], "num_outputs": [2, 1], "coupling": [[-0.544742064158891, 0.6170107807637256, -0.5679381832182518], [-0.7172237414108744, -0.6937344985503044, -0.06574610465833673], [-0.43456436610989874, 0.3715240798959003, 0.8204411433887301]], "target": [-0.4857159587604536, 0.4438263439408992, 0.7530592166818412], "inputs": [0, 0, 1], "outputs": [0, 0, 1], "time_start": null, "time_complete": null, "actions": null, "score": null}, {"designers": [2, 3], "num_inputs": [2, 1], "num_outputs": [2, 1], "coupling": [[-0.6127030497698295, 0.21812273945849292, -0.7596166423492001], [-0.4815614166331685, -0.8651587724110812, 0.1399960732678141], [-0.6266526747832539, 0.4515780874348016, 0.6351249138049304]], "target": [-0.903932479176563, 0.42632569270087906, 0.03394814918118769], "inputs": [2, 2, 3], "outputs": [2, 2, 3], "time_start": null, "time_complete": null, "actions": null, "score": null}], "max_time": null}], "rounds": [{"name": "Noiseless Stone (Individual)", "assignments": [[0], [1], [2], [3]], "tasks": [{"designers": [0], "num_inputs": [3], "num_outputs": [3], "coupling": [[-0.5025285015742831, -0.06894467316662128, -0.8618072505772121], [-0.7361933631880896, -0.48852307947426254, 0.468363675810574], [-0.4533039125171043, 0.8698228744192297, 0.19474016030021718]], "target": [0.6172673387247785, 0.5765380692496412, -0.535336237564323], "inputs": [0, 0, 0], "outputs": [0, 0, 0], "time_start": null, "time_complete": null, "actions": null, "score": null}, {"designers": [1], "num_inputs": [3], "num_outputs": [3], "coupling": [[-0.7840089548557706, 0.6171724746289795, 0.06654393485738481], [-0.4773240919803366, -0.5308543977190969, -0.7002537537474839], [-0.3968522016079908, -0.5807682368919953, 0.7107858925838736]], "target": [0.20768403577656058, -0.9774788976022937, 0.03744791083311493], "inputs": [1, 1, 1], "outputs": [1, 1, 1], "time_start": null, "time_complete": null, "actions": null, "score": null}, {"designers": [2], "num_inputs": [3], "num_outputs": [3], "coupling": [[-0.6588184590519196, 0.6745496610497944, -0.33307805810359625], [-0.3257604022871185, -0.6548798523415752, -0.6819182790472852], [-0.6781138535041071, -0.3407567076004296, 0.6511885041300454]], "target": [0.438767565887068, 0.804712736760143, 0.3999005306592354], "inputs": [2, 2, 2], "outputs": [2, 2, 2], "time_start": null, "time_complete": null, "actions": null, "score": null}, {"designers": [3], "num_inputs": [3], "num_outputs": [3], "coupling": [[-0.733701419147616, 0.46770708373091124, -0.4928816403242275], [-0.38945404778960657, -0.8838814197055438, -0.25899648754298465], [-0.5567834158818541, 0.001928659440915583, 0.8306554689350424]], "target": [0.9448227619119507, -0.268318228625676, 0.18792359287820412], "inputs": [3, 3, 3], "outputs": [3, 3, 3], "time_start": null, "time_complete": null, "actions": null, "score": null}], "max_time": 240000}, {"name": "Hallowed Sign (Pair)", "assignments": [[1, 0], [3, 2]], "tasks": [{"designers": [1, 0], "num_inputs": [2, 1], "num_outputs": [2, 1], "coupling": [[-0.39510126679574165, 0.5402807444102261, 0.7429614432767909], [-0.502543610167143, 0.5498951957107973, -0.6671320660966302], [-0.7689895375468868, -0.6369552503541486, 0.054250347369478175]], "target": [-0.5343683488443394, 0.685704087349871, 0.4942270453395437], "inputs": [1, 1, 0], "outputs": [1, 1, 0], "time_start": null, "time_complete": null, "actions": null, "score": null}, {"designers": [3, 2], "num_inputs": [2, 1], "num_outputs": [2, 1], "coupling": [[-0.41690351881805204, 0.7057103926232867, -0.572856262722694], [-0.5006158635338304, -0.7043098228043158, -0.5033204055863724], [-0.758666733932234, 0.0769448844617964, 0.6469190610731433]], "target": [-0.09344701285609136, 0.6306997814465493, -0.7703800630023783], "inputs": [3, 3, 2], "outputs": [3, 3, 2], "time_start": null, "time_complete": null, "actions": null, "score": null}], "max_time": 600000}, {"name": "Economic Motion (Individual)", "assignments": [[0], [1], [2], [3]], "tasks": [{"designers": [0], "num_inputs": [2], "num_outputs": [2], "coupling": [[-0.49149277126578483, -0.8708816542983776], [-0.8708816542983774, 0.4914927712657851]], "target": [0.6612551758307372, 0.7501610443345221], "inputs": [0, 0], "outputs": [0, 0], "time_start": null, "time_complete": null, "actions": null, "score": null}, {"designers": [1], "num_inputs": [2], "num_outputs": [2], "coupling": [[0.7321859271709997, 0.6811048142927366], [0.6811048142927367, -0.7321859271709998]], "target": [-0.13010577511275834, 0.991500119658242], "inputs": [1, 1], "outputs": [1, 1], "time_start": null, "time_complete": null, "actions": null, "score": null}, {"designers": [2], "num_inputs": [2], "num_outputs": [2], "coupling": [[-0.8221846479060212, -0.5692208751861194], [-0.5692208751861194, 0.8221846479060212]], "target": [-0.996024303064649, 0.08908191569886874], "inputs": [2, 2], "outputs": [2, 2], "time_start": null, "time_complete": null, "actions": null, "score": null}, {"designers": [3], "num_inputs": [2], "num_outputs": [2], "coupling": [[-0.5876177391548836, -0.8091386733005062], [-0.8091386733005063, 0.5876177391548836]], "target": [-0.2496475911828666, -0.9683367597156437], "inputs": [3, 3], "outputs": [3, 3], "time_start": null, "time_complete": null, "actions": null, "score": null}], "max_time": 120000}, {"name": "Better Behavior (Pair)", "assignments": [[0, 1], [2, 3]], "tasks": [{"designers": [0, 1], "num_inputs": [2, 1], "num_outputs": [2, 1], "coupling": [[-0.4205343639122214, 0.865787237739056, 0.2712255661568765], [-0.4877866589087223, 0.03630676265886461, -0.8722075408845641], [-0.7649934798150955, -0.4990934561316227, 0.40705122268208827]], "target": [-0.045965423468598, -0.6936400304777631, -0.7188537319678882], "inputs": [0, 0, 1], "outputs": [0, 0, 1], "time_start": null, "time_complete": null, "actions": null, "score": null}, {"designers": [2, 3], "num_inputs": [2, 1], "num_outputs": [2, 1], "coupling": [[-0.7580067446214196, -0.2889906329871824, 0.5847308689936815], [-0.6127360599021962, 0.6227832860673842, -0.4865136169632286], [-0.22356273393383516, -0.7270662917786648, -0.6491489130817758]], "target": [0.8400167174007442, -0.4649465751764575, 0.2796365439619097], "inputs": [2, 2, 3], "outputs": [2, 2, 3], "time_start": null, "time_complete": null, "actions": null, "score": null}], "max_time": 600000}, {"name": "Thinkable Ink (Pair)", "assignments": [[0, 1], [2, 3]], "tasks": [{"designers": [0, 1], "num_inputs": [1, 1], "num_outputs": [1, 1], "coupling": [[-0.6003450553730281, -0.7997410921599288], [-0.799741092159929, 0.6003450553730281]], "target": [-0.38989715901003175, 0.9208584068117671], "inputs": [0, 1], "outputs": [0, 1], "time_start": null, "time_complete": null, "actions": null, "score": null}, {"designers": [2, 3], "num_inputs": [1, 1], "num_outputs": [1, 1], "coupling": [[-0.802636286932731, -0.5964687677480177], [-0.5964687677480177, 0.8026362869327311]], "target": [-0.45062863651424356, -0.8927115054446837], "inputs": [2, 3], "outputs": [2, 3], "time_start": null, "time_complete": null, "actions": null, "score": null}], "max_time": 180000}, {"name": "Staking System (Pair)", "assignments": [[0, 1], [2, 3]], "tasks": [{"designers": [0, 1], "num_inputs": [1, 1], "num_outputs": [1, 1], "coupling": [[-0.9891908206209796, -0.1466339674127124], [-0.14663396741271237, 0.9891908206209798]], "target": [0.76803222376467, -0.6404111985740849], "inputs": [0, 1], "outputs": [0, 1], "time_start": null, "time_complete": null, "actions": null, "score": null}, {"designers": [2, 3], "num_inputs": [1, 1], "num_outputs": [1, 1], "coupling": [[-0.44876609842042636, -0.8936492538510332], [-0.8936492538510331, 0.44876609842042636]], "target": [0.710030348394181, -0.704171076059815], "inputs": [2, 3], "outputs": [2, 3], "time_start": null, "time_complete": null, "actions": null, "score": null}], "max_time": 180000}, {"name": "Unwritten Experience (Individual)", "assignments": [[0], [1], [2], [3]], "tasks": [{"designers": [0], "num_inputs": [3], "num_outputs": [3], "coupling": [[-0.7181584065543487, 0.664628957465995, -0.20619614931657465], [-0.3822772875173233, -0.6243945813379917, -0.6811721384820074], [-0.5814744865802076, -0.41036539290419927, 0.7024867726604294]], "target": [0.8828799980251862, 0.45708980460149556, 0.10766531296761134], "inputs": [0, 0, 0], "outputs": [0, 0, 0], "time_start": null, "time_complete": null, "actions": null, "score": null}, {"designers": [1], "num_inputs": [3], "num_outputs": [3], "coupling": [[-0.39737840483175635, 0.8401139812573037, -0.36918681161353994], [-0.579269477047405, -0.541676628340688, -0.6091250309014483], [-0.7117143221367652, -0.02819448182653785, 0.701902981087798]], "target": [0.6926924642122267, 0.6029340951928361, 0.39578735057804615], "inputs": [1, 1, 1], "outputs": [1, 1, 1], "time_start": null, "time_complete": null, "actions": null, "score": null}, {"designers": [2], "num_inputs": [3], "num_outputs": [3], "coupling": [[-0.3341799505969015, 0.28028748293299555, -0.8998681500809651], [-0.45437740032385554, -0.8843927218610741, -0.10672718301396242], [-0.8257511360537071, 0.37321366592107336, 0.4229026139382044]], "target": [0.4676074430690693, -0.6280669460482562, -0.6219929183423428], "inputs": [2, 2, 2], "outputs": [2, 2, 2], "time_start": null, "time_complete": null, "actions": null, "score": null}, {"designers": [3], "num_inputs": [3], "num_outputs": [3], "coupling": [[-0.7421248811937093, 0.6172314537071912, -0.2612967532667244], [-0.6147573978051825, -0.7821488001814988, -0.10157064644100414], [-0.26706553981564973, 0.0852560081703959, 0.9598996877350388]], "target": [-0.7244517408004312, 0.058208167223918486, 0.686863512293132], "inputs": [3, 3, 3], "outputs": [3, 3, 3], "time_start": null, "time_complete": null, "actions": null, "score": null}], "max_time": 240000}, {"name": "Flat Sleep (Individual)", "assignments": [[0], [1], [2], [3]], "tasks": [{"designers": [0], "num_inputs": [2], "num_outputs": [2], "coupling": [[-0.7330798450339732, -0.6801425885834276], [-0.6801425885834276, 0.7330798450339733]], "target": [0.023998552736903322, 0.9997119932593257], "inputs": [0, 0], "outputs": [0, 0], "time_start": null, "time_complete": null, "actions": null, "score": null}, {"designers": [1], "num_inputs": [2], "num_outputs": [2], "coupling": [[-0.5060942251446937, -0.8624781940867791], [-0.8624781940867793, 0.5060942251446938]], "target": [-0.2474143942845215, -0.9689097571501815], "inputs": [1, 1], "outputs": [1, 1], "time_start": null, "time_complete": null, "actions": null, "score": null}, {"designers": [2], "num_inputs": [2], "num_outputs": [2], "coupling": [[-0.848785881559239, -0.5287367277442578], [-0.5287367277442578, 0.8487858815592391]], "target": [-0.1972441103433067, 0.9803544057813367], "inputs": [2, 2], "outputs": [2, 2], "time_start": null, "time_complete": null, "actions": null, "score": null}, {"designers": [3], "num_inputs": [2], "num_outputs": [2], "coupling": [[-0.8939521356319354, -0.44816244733255134], [-0.4481624473325513, 0.8939521356319353]], "target": [0.4806230553014059, 0.8769272938577872], "inputs": [3, 3], "outputs": [3, 3], "time_start": null, "time_complete": null, "actions": null, "score": null}], "max_time": 120000}, {"name": "Towering Test (Pair)", "assignments": [[0, 1], [2, 3]], "tasks": [{"designers": [0, 1], "num_inputs": [1, 1], "num_outputs": [1, 1], "coupling": [[-0.5548306530720971, -0.8319633083325193], [-0.8319633083325192, 0.5548306530720972]], "target": [-0.027091998179137988, 0.9996329444524431], "inputs": [0, 1], "outputs": [0, 1], "time_start": null, "time_complete": null, "actions": null, "score": null}, {"designers": [2, 3], "num_inputs": [1, 1], "num_outputs": [1, 1], "coupling": [[-0.6971797238599123, -0.7168963890539668], [-0.7168963890539668, 0.6971797238599123]], "target": [-0.38527723419173365, 0.9228008738690965], "inputs": [2, 3], "outputs": [2, 3], "time_start": null, "time_complete": null, "actions": null, "score": null}], "max_time": 180000}, {"name": "Impolite Heat (Individual)", "assignments": [[0], [1], [2], [3]], "tasks": [{"designers": [0], "num_inputs": [4], "num_outputs": [4], "coupling": [[-0.30640800609180224, 0.3059171449928105, -0.7641277039724609, -0.4781607326245738], [-0.7170719342051717, 0.4944698877801558, 0.20662141058619501, 0.4456623878467921], [-0.5688634065192687, -0.48948274102847666, 0.3733892755640749, -0.5453269843426767], [-0.2613740608809389, -0.6498621982492728, -0.4837322540444063, 0.5247531133612721]], "target": [-0.5310442324880531, -0.8293880538844219, 0.14540731108528737, -0.09467942277988557], "inputs": [0, 0, 0, 0], "outputs": [0, 0, 0, 0], "time_start": null, "time_complete": null, "actions": null, "score": null}, {"designers": [1], "num_inputs": [4], "num_outputs": [4], "coupling": [[-0.5348880829377042, -0.1064314968828871, -0.6415420302435796, -0.5394357224298757], [-0.31095920665991283, -0.27741992049150566, 0.7442122893547576, -0.5220063485066778], [-0.5370818783748634, -0.5594349884847833, 0.009820577217557596, 0.6312520145262691], [-0.5733604158345728, 0.7737848653500438, 0.18567565286652546, 0.1950368366278803]], "target": [0.5165943754080959, -0.5268274338850593, 0.6710051055224869, -0.07304282692748788], "inputs": [1, 1, 1, 1], "outputs": [1, 1, 1, 1], "time_start": null, "time_complete": null, "actions": null, "score": null}, {"designers": [2], "num_inputs": [4], "num_outputs": [4], "coupling": [[-0.4222959295376229, -0.3399468915535653, -0.11712422461820068, -0.8320962533424896], [-0.3740044598714874, 0.49768578118478507, 0.7729607670055361, -0.12231590196266678], [-0.6790404606079349, 0.41063860760654886, -0.5526616663013162, 0.2546469505047554], [-0.46977746300727924, -0.6841936188481397, 0.2887536169104237, 0.47729401410354955]], "target": [-0.6575009777076766, 0.08729186301877828, 0.367345571652259, -0.652019804876842], "inputs": [2, 2, 2, 2], "outputs": [2, 2, 2, 2], "time_start": null, "time_complete": null, "actions": null, "score": null}, {"designers": [3], "num_inputs": [4], "num_outputs": [4], "coupling": [[-0.3072455926942417, 0.4088274525566314, -0.40551665329730685, -0.757638768612438], [-0.42311828170169297, 0.09006305593969526, 0.8678518924360908, -0.24432081049248747], [-0.6356193235752987, -0.7346350744427885, -0.236980790291998, -0.01181050078102082], [-0.5679429029026164, 0.5339101679021456, -0.16195506082314257, 0.605104412417414]], "target": [-0.39559629227119797, 0.36309635564817067, 0.8385261499484487, 0.09240403621557872], "inputs": [3, 3, 3, 3], "outputs": [3, 3, 3, 3], "time_start": null, "time_complete": null, "actions": null, "score": null}], "max_time": 600000}, {"name": "Husky Verse (Pair)", "assignments": [[0, 1], [2, 3]], "tasks": [{"designers": [0, 1], "num_inputs": [2, 2], "num_outputs": [2, 2], "coupling": [[-0.6053599657649974, -0.3824460635301169, -0.06860015617704485, -0.6946713891559114], [-0.492453667263775, -0.49066248816711044, -0.11096774438365284, 0.7102294474397159], [-0.4864656870327488, 0.7150390567468083, -0.49577630539846607, 0.07922207818429047], [-0.39291199114714775, 0.31891139603754165, 0.8585953839174398, 0.08203447693399421]], "target": [0.8597013410338596, -0.09825796560492431, -0.39872514116687907, 0.3037716876557412], "inputs": [0, 0, 1, 1], "outputs": [0, 0, 1, 1], "time_start": null, "time_complete": null, "actions": null, "score": null}, {"designers": [2, 3], "num_inputs": [2, 2], "num_outputs": [2, 2], "coupling": [[-0.5398485804451639, 0.3304004044838527, 0.574961133876918, -0.5184773644424766], [-0.1586340708009678, -0.2520119733834642, 0.6370254712775738, 0.7110019309369495], [-0.4759258705711142, -0.8273891953688745, -0.18342031904987802, -0.2351141673051936], [-0.6759388341363305, 0.37782622642575425, -0.4795573271614094, 0.41276967560262684]], "target": [-0.2906965542550688, 0.25525387769476604, -0.884784712186891, -0.259801817442402], "inputs": [2, 2, 3, 3], "outputs": [2, 2, 3, 3], "time_start": null, "time_complete": null, "actions": null, "score": null}], "max_time": 1200000}, {"name": "Absorbed Copper (Pair)", "assignments": [[1, 0], [3, 2]], "tasks": [{"designers": [1, 0], "num_inputs": [2, 1], "num_outputs": [2, 1], "coupling": [[-0.7456239342620739, 0.10782348050809243, -0.6575857706084183], [-0.5862691392044463, -0.575227447829111, 0.5704400754509498], [-0.3167545501993993, 0.8108560170061813, 0.49211693184938027]], "target": [0.9035144020035322, 0.14978106300459837, -0.40153126719772747], "inputs": [1, 1, 0], "outputs": [1, 1, 0], "time_start": null, "time_complete": null, "actions": null, "score": null}, {"designers": [3, 2], "num_inputs": [2, 1], "num_outputs": [2, 1], "coupling": [[-0.7091784142372347, 0.19053122731104208, -0.6787958663687556], [-0.4485244988162398, -0.8647589616359833, 0.22587100794899947], [-0.5439593282053375, 0.4646394190010185, 0.6987263123489724]], "target": [0.9486498077848626, -0.31336075317211004, -0.04322708133972207], "inputs": [3, 3, 2], "outputs": [3, 3, 2], "time_start": null, "time_complete": null, "actions": null, "score": null}], "max_time": 600000}]}