{"name": "experiment001", "num_designers": 4, "error_tol": 0.05, "training": [{"name": "Training Task 1/5 (Individual)", "assignments": [[0], [1], [2], [3]], "tasks": [{"designers": [0], "num_inputs": [1], "num_outputs": [1], "coupling": [[1.0]], "target": [1.0], "inputs": [0], "outputs": [0], "time_start": null, "time_complete": null, "actions": null, "score": null}, {"designers": [1], "num_inputs": [1], "num_outputs": [1], "coupling": [[1.0]], "target": [1.0], "inputs": [1], "outputs": [1], "time_start": null, "time_complete": null, "actions": null, "score": null}, {"designers": [2], "num_inputs": [1], "num_outputs": [1], "coupling": [[1.0]], "target": [1.0], "inputs": [2], "outputs": [2], "time_start": null, "time_complete": null, "actions": null, "score": null}, {"designers": [3], "num_inputs": [1], "num_outputs": [1], "coupling": [[1.0]], "target": [1.0], "inputs": [3], "outputs": [3], "time_start": null, "time_complete": null, "actions": null, "score": null}]}, {"name": "Training Task 2/5 (Individual)", "assignments": [[0], [1], [2], [3]], "tasks": [{"designers": [0], "num_inputs": [2], "num_outputs": [2], "coupling": [[-0.7372998124605716, -0.6755656789281158], [-0.6755656789281158, 0.7372998124605716]], "target": [0.15787534856188845, 0.9874590494377284], "inputs": [0, 0], "outputs": [0, 0], "time_start": null, "time_complete": null, "actions": null, "score": null}, {"designers": [1], "num_inputs": [2], "num_outputs": [2], "coupling": [[0.10676637342621226, 0.9942841351974869], [0.9942841351974868, -0.10676637342621224]], "target": [0.6008950353103568, 0.7993279405471605], "inputs": [1, 1], "outputs": [1, 1], "time_start": null, "time_complete": null, "actions": null, "score": null}, {"designers": [2], "num_inputs": [2], "num_outputs": [2], "coupling": [[-0.8181306562432212, -0.575032372406142], [-0.575032372406142, 0.8181306562432213]], "target": [-0.9389121032831178, 0.3441570314674275], "inputs": [2, 2], "outputs": [2, 2], "time_start": null, "time_complete": null, "actions": null, "score": null}, {"designers": [3], "num_inputs": [2], "num_outputs": [2], "coupling": [[-0.8511351119346999, -0.5249466841803139], [-0.5249466841803141, 0.8511351119346997]], "target": [-0.9713960556663772, 0.23746516173073592], "inputs": [3, 3], "outputs": [3, 3], "time_start": null, "time_complete": null, "actions": null, "score": null}]}, {"name": "Training Task 3/5 (Pair)", "assignments": [[0, 1], [2, 3]], "tasks": [{"designers": [0, 1], "num_inputs": [1, 1], "num_outputs": [1, 1], "coupling": [[-0.5966929036988124, -0.8024696746142372], [-0.8024696746142371, 0.5966929036988127]], "target": [-0.912536405835364, -0.4089954865583188], "inputs": [0, 1], "outputs": [0, 1], "time_start": null, "time_complete": null, "actions": null, "score": null}, {"designers": [2, 3], "num_inputs": [1, 1], "num_outputs": [1, 1], "coupling": [[-0.5607773617637709, -0.827966636123259], [-0.827966636123259, 0.5607773617637709]], "target": [-0.8044537503931688, -0.5940152889264426], "inputs": [2, 3], "outputs": [2, 3], "time_start": null, "time_complete": null, "actions": null, "score": null}]}, {"name": "Training Task 4/5 (Pair)", "assignments": [[0, 1], [2, 3]], "tasks": [{"designers": [0, 1], "num_inputs": [2, 1], "num_outputs": [2, 1], "coupling": [[-0.8201568958993574, -0.5271936506866323, -0.22228252469420923], [-0.17080903879234205, -0.14517495565183075, 0.9745504114812765], [-0.5460466448716327, 0.8372521047612779, 0.02901680025852275]], "target": [-0.4426053106512382, -0.5905985444874529, -0.6747546948577849], "inputs": [0, 0, 1], "outputs": [0, 0, 1], "time_start": null, "time_complete": null, "actions": null, "score": null}, {"designers": [2, 3], "num_inputs": [2, 1], "num_outputs": [2, 1], "coupling": [[-0.4256342913166279, -0.04371062248635168, -0.9038389411489458], [-0.38046188714010687, -0.897612770233881, 0.22257598061526312], [-0.8210263104731663, 0.43861223899352514, 0.36542454941602726]], "target": [-0.06408714223227996, 0.974654764316686, 0.21433835073379914], "inputs": [2, 2, 3], "outputs": [2, 2, 3], "time_start": null, "time_complete": null, "actions": null, "score": null}]}, {"name": "Training Task 5/5 (Pair)", "assignments": [[1, 0], [3, 2]], "tasks": [{"designers": [1, 0], "num_inputs": [2, 1], "num_outputs": [2, 1], "coupling": [[-0.8302466156314715, 0.551716953292246, -0.07936599197646611], [-0.27097223738178544, -0.523932491320785, -0.8075077653538105], [-0.4870981459632096, -0.6489246088632457, 0.5844931549735094]], "target": [0.6195146911074456, 0.21437172025300616, -0.7551465507156956], "inputs": [1, 1, 0], "outputs": [1, 1, 0], "time_start": null, "time_complete": null, "actions": null, "score": null}, {"designers": [3, 2], "num_inputs": [2, 1], "num_outputs": [2, 1], "coupling": [[-0.5037452266644558, -0.28905504439214796, -0.8140564648255243], [-0.786207970569895, -0.2370546409595507, 0.5706856614739027], [-0.35793543220131696, 0.9274978590331043, -0.10784223599251146]], "target": [-0.5448073789458212, 0.14877399037286004, -0.8252582745024252], "inputs": [3, 3, 2], "outputs": [3, 3, 2], "time_start": null, "time_complete": null, "actions": null, "score": null}]}], "rounds": [{"name": "Flat Sleep (Individual)", "assignments": [[0], [1], [2], [3]], "tasks": [{"designers": [0], "num_inputs": [2], "num_outputs": [2], "coupling": [[-0.7537191066158333, -0.6571967044365254], [-0.6571967044365256, 0.7537191066158334]], "target": [0.45352688439028, 0.8912425961180523], "inputs": [0, 0], "outputs": [0, 0], "time_start": null, "time_complete": null, "actions": null, "score": null}, {"designers": [1], "num_inputs": [2], "num_outputs": [2], "coupling": [[-0.5977166135271471, -0.8017074590607469], [-0.8017074590607469, 0.5977166135271471]], "target": [-0.521777050688423, 0.853081889020562], "inputs": [1, 1], "outputs": [1, 1], "time_start": null, "time_complete": null, "actions": null, "score": null}, {"designers": [2], "num_inputs": [2], "num_outputs": [2], "coupling": [[-0.8022647586686398, -0.5969683886089356], [-0.5969683886089358, 0.8022647586686398]], "target": [0.9496817922468059, -0.3132163684657848], "inputs": [2, 2], "outputs": [2, 2], "time_start": null, "time_complete": null, "actions": null, "score": null}, {"designers": [3], "num_inputs": [2], "num_outputs": [2], "coupling": [[-0.6854044890629744, -0.7281625411762979], [-0.7281625411762978, 0.6854044890629741]], "target": [0.999982716203941, 0.0058793956652700916], "inputs": [3, 3], "outputs": [3, 3], "time_start": null, "time_complete": null, "actions": null, "score": null}]}, {"name": "Towering Test (Pair)", "assignments": [[0, 1], [2, 3]], "tasks": [{"designers": [0, 1], "num_inputs": [1, 1], "num_outputs": [1, 1], "coupling": [[-0.8752401947246424, -0.4836885377372199], [-0.48368853773722, 0.8752401947246423]], "target": [0.8275171926171694, -0.561440376106848], "inputs": [0, 1], "outputs": [0, 1], "time_start": null, "time_complete": null, "actions": null, "score": null}, {"designers": [2, 3], "num_inputs": [1, 1], "num_outputs": [1, 1], "coupling": [[0.7817106562020104, 0.6236412830948752], [0.6236412830948752, -0.7817106562020104]], "target": [-0.1029386408565105, -0.9946877078855526], "inputs": [2, 3], "outputs": [2, 3], "time_start": null, "time_complete": null, "actions": null, "score": null}]}, {"name": "Hallowed Sign (Pair)", "assignments": [[1, 0], [3, 2]], "tasks": [{"designers": [1, 0], "num_inputs": [2, 1], "num_outputs": [2, 1], "coupling": [[0.5074935909762472, -0.853955611836515, -0.11493506049485641], [0.30824976862433284, 0.3044901165349994, -0.9012590355028612], [0.8046318010500693, 0.42195447852277296, 0.4177584024211793]], "target": [0.6251786886866861, -0.6699228814290041, -0.4004434294002786], "inputs": [1, 1, 0], "outputs": [1, 1, 0], "time_start": null, "time_complete": null, "actions": null, "score": null}, {"designers": [3, 2], "num_inputs": [2, 1], "num_outputs": [2, 1], "coupling": [[-0.552417307987604, 0.5589174182958054, -0.6184225394997185], [-0.6371268187438707, -0.7615009996372419, -0.11910350284016524], [-0.5374984043446496, 0.3282187488201034, 0.7767676089088176]], "target": [-0.9773596130428113, 0.0724843160575808, -0.19878181687083812], "inputs": [3, 3, 2], "outputs": [3, 3, 2], "time_start": null, "time_complete": null, "actions": null, "score": null}]}, {"name": "Unwritten Experience (Individual)", "assignments": [[0], [1], [2], [3]], "tasks": [{"designers": [0], "num_inputs": [3], "num_outputs": [3], "coupling": [[-0.36444070847828913, -0.529771062833674, -0.7658495877050026], [-0.6585625666056975, -0.4348326621509842, 0.6141790470151232], [-0.6583907015363747, 0.7281917171396335, -0.19041666738936733]], "target": [-0.32973378348546145, 0.5415984147877729, -0.7732701915422153], "inputs": [0, 0, 0], "outputs": [0, 0, 0], "time_start": null, "time_complete": null, "actions": null, "score": null}, {"designers": [1], "num_inputs": [3], "num_outputs": [3], "coupling": [[-0.1967948599616784, 0.8563765852340148, -0.4773792280311234], [-0.5252842014727491, -0.5032171644376378, -0.6861843725256935], [-0.8278576512757487, 0.11572220909691988, 0.548871642140427]], "target": [-0.7954819036496359, -0.5697392361711215, 0.2064115881754183], "inputs": [1, 1, 1], "outputs": [1, 1, 1], "time_start": null, "time_complete": null, "actions": null, "score": null}, {"designers": [2], "num_inputs": [3], "num_outputs": [3], "coupling": [[-0.6400885660127479, 0.7493087893963365, 0.16977327761794783], [-0.5817978817707462, -0.3284046972377106, -0.7440843901059073], [-0.5017946317237932, -0.5750536435547591, 0.6461543581897273]], "target": [-0.4706136767693829, -0.5089735712291822, 0.7207417505790927], "inputs": [2, 2, 2], "outputs": [2, 2, 2], "time_start": null, "time_complete": null, "actions": null, "score": null}, {"designers": [3], "num_inputs": [3], "num_outputs": [3], "coupling": [[-0.7023828394067487, 0.35490317837025714, 0.6170106003057022], [-0.305593474357916, 0.6325262260394323, -0.7117044342999211], [-0.6428615522309382, -0.6884433944450356, -0.33581947130597717]], "target": [0.29177626073719076, -0.42345887189725273, -0.8576416486398784], "inputs": [3, 3, 3], "outputs": [3, 3, 3], "time_start": null, "time_complete": null, "actions": null, "score": null}]}, {"name": "Better Behavior (Pair)", "assignments": [[0, 1], [2, 3]], "tasks": [{"designers": [0, 1], "num_inputs": [2, 1], "num_outputs": [2, 1], "coupling": [[-0.5371101499526683, 0.7531828570071405, -0.3797739732108872], [-0.6035885382702525, -0.6576857199544272, -0.4506998671364431], [-0.5892313325737204, -0.0128482558578572, 0.807862215377603]], "target": [-0.963990864685758, -0.25292702266519296, 0.08215554764059514], "inputs": [0, 0, 1], "outputs": [0, 0, 1], "time_start": null, "time_complete": null, "actions": null, "score": null}, {"designers": [2, 3], "num_inputs": [2, 1], "num_outputs": [2, 1], "coupling": [[-0.5265788638716903, 0.7705101046676823, -0.3592059001862269], [-0.3997157536299774, -0.5973154550651779, -0.6952996213434165], [-0.7502946197485488, -0.22254982755616032, 0.6225187208679782]], "target": [-0.9803157809875365, -0.005411236755049231, 0.19736182017699735], "inputs": [2, 2, 3], "outputs": [2, 2, 3], "time_start": null, "time_complete": null, "actions": null, "score": null}]}, {"name": "Noiseless Stone (Individual)", "assignments": [[0], [1], [2], [3]], "tasks": [{"designers": [0], "num_inputs": [3], "num_outputs": [3], "coupling": [[-0.4744887044017371, 0.2623925250422642, -0.8402443883758497], [-0.6109801254441113, -0.7853328504330828, 0.09977775474997928], [-0.6336905835717135, 0.560716039393019, 0.5329481845920365]], "target": [-0.5399269693723943, 0.7776793264936733, 0.32201511282653816], "inputs": [0, 0, 0], "outputs": [0, 0, 0], "time_start": null, "time_complete": null, "actions": null, "score": null}, {"designers": [1], "num_inputs": [3], "num_outputs": [3], "coupling": [[-0.8604842349095109, -0.5012682156367767, 0.09108818509837752], [-0.3995624986482827, 0.774895707454108, 0.4897820456520826], [-0.31609601570746787, 0.38505430599010226, -0.8670735206961083]], "target": [-0.9259203129408704, -0.03113856845940666, -0.37643321271877644], "inputs": [1, 1, 1], "outputs": [1, 1, 1], "time_start": null, "time_complete": null, "actions": null, "score": null}, {"designers": [2], "num_inputs": [3], "num_outputs": [3], "coupling": [[-0.708197491724526, -0.018810841760810687, -0.7057637458437066], [-0.46481716310134136, -0.7400063883146727, 0.48614354890288886], [-0.5314144499366872, 0.6723367441139328, 0.515327065961768]], "target": [-0.15322402704671845, -0.01847948022779927, 0.9880186771241205], "inputs": [2, 2, 2], "outputs": [2, 2, 2], "time_start": null, "time_complete": null, "actions": null, "score": null}, {"designers": [3], "num_inputs": [3], "num_outputs": [3], "coupling": [[-0.5019686114856498, 0.8290191685496847, -0.24648474853499186], [-0.31921658458834157, -0.44245555795170355, -0.8380536088827495], [-0.8038210529756749, -0.3419945868209556, 0.4867354696118219]], "target": [0.37453179260669334, -0.8111281963088783, 0.44921819362034154], "inputs": [3, 3, 3], "outputs": [3, 3, 3], "time_start": null, "time_complete": null, "actions": null, "score": null}]}, {"name": "Arrogant Flame (Individual)", "assignments": [[0], [1], [2], [3]], "tasks": [{"designers": [0], "num_inputs": [4], "num_outputs": [4], "coupling": [[-0.655014122527008, 0.5985593958984775, 0.4570592029814494, -0.06148197981348036], [-0.577240462094002, -0.13613722137355058, -0.7019999091515657, -0.39427938499163895], [-0.31577836411559157, -0.06730706093521348, -0.24129418188488894, 0.9151671443475482], [-0.37152923568429697, -0.7865513753637464, 0.48996951977613556, -0.05685798655935079]], "target": [0.39538473113898487, -0.2626891991123824, 0.6692307689930369, 0.5716602810103533], "inputs": [0, 0, 0, 0], "outputs": [0, 0, 0, 0], "time_start": null, "time_complete": null, "actions": null, "score": null}, {"designers": [1], "num_inputs": [4], "num_outputs": [4], "coupling": [[-0.22532626168110836, -0.3587309166140728, 0.3360150645379094, -0.8412098915643041], [-0.6383555735311506, -0.5779636537919676, 0.16161664875618909, 0.48201684149205093], [-0.5317632369972141, 0.16165018184035493, -0.7947252711253313, -0.24394430086393454], [-0.5088792561274013, 0.7149401115279839, 0.47894224984143136, 0.022734575615231796]], "target": [-0.8168501881429993, 0.16396709081616, 0.41506032549498645, 0.36550716745370054], "inputs": [1, 1, 1, 1], "outputs": [1, 1, 1, 1], "time_start": null, "time_complete": null, "actions": null, "score": null}, {"designers": [2], "num_inputs": [4], "num_outputs": [4], "coupling": [[-0.5012395973246134, 0.7465790730241606, -0.12680519645528884, -0.41868722926330176], [-0.5301526732590507, -0.6534344931172019, -0.3241382761647668, -0.432314566219878], [-0.5718236367651276, 0.03089751694597718, -0.1904881232080101, 0.7973564741067616], [-0.3751196309803652, -0.12119568628306854, 0.9179156252039502, -0.04503080152486397]], "target": [-0.7951288322813259, -0.5291095583570183, -0.17433225702436303, 0.23962779365292286], "inputs": [2, 2, 2, 2], "outputs": [2, 2, 2, 2], "time_start": null, "time_complete": null, "actions": null, "score": null}, {"designers": [3], "num_inputs": [4], "num_outputs": [4], "coupling": [[-0.4870585692839924, 0.45005568868173496, 0.730935185260894, 0.16111356901224086], [-0.5042513357437851, -0.5321803549319153, -0.1543250456840103, 0.6623431440724491], [-0.6489443997739276, -0.23315490988231624, -0.13189854537133144, -0.7121184787159733], [-0.2955938201141816, 0.6781391707514898, -0.6515522304091803, 0.16802157495871964]], "target": [0.7309961100594389, -0.6089361826854558, 0.2887553847425449, -0.10705951744996212], "inputs": [3, 3, 3, 3], "outputs": [3, 3, 3, 3], "time_start": null, "time_complete": null, "actions": null, "score": null}]}, {"name": "Staking System (Pair)", "assignments": [[0, 1], [2, 3]], "tasks": [{"designers": [0, 1], "num_inputs": [1, 1], "num_outputs": [1, 1], "coupling": [[-0.994283196400401, -0.10677511580795229], [-0.10677511580795238, 0.9942831964004011]], "target": [-0.7080186476749504, -0.7061937372594963], "inputs": [0, 1], "outputs": [0, 1], "time_start": null, "time_complete": null, "actions": null, "score": null}, {"designers": [2, 3], "num_inputs": [1, 1], "num_outputs": [1, 1], "coupling": [[-0.722085948218851, -0.6918033560086876], [-0.6918033560086876, 0.722085948218851]], "target": [0.14639531005042739, -0.989226168879109], "inputs": [2, 3], "outputs": [2, 3], "time_start": null, "time_complete": null, "actions": null, "score": null}]}, {"name": "Impolite Heat (Individual)", "assignments": [[0], [1], [2], [3]], "tasks": [{"designers": [0], "num_inputs": [4], "num_outputs": [4], "coupling": [[-0.3834299385452671, -0.2620589076327672, 0.879365240542734, -0.10499230868360572], [-0.6841877464239045, -0.19644284750181382, -0.4237446055820364, -0.5601230619684242], [-0.27521237379776387, 0.943788397661662, 0.1484640153300855, -0.10714497608334726], [-0.555991689847206, -0.04470790796864737, -0.15847939650759885, 0.8147138912946695]], "target": [0.43610841462635763, -0.4826021088679072, -0.267679210803842, -0.7108111530580864], "inputs": [0, 0, 0, 0], "outputs": [0, 0, 0, 0], "time_start": null, "time_complete": null, "actions": null, "score": null}, {"designers": [1], "num_inputs": [4], "num_outputs": [4], "coupling": [[-0.6691713278824125, -0.4361208931096148, 0.5787076988601136, 0.16463808737164365], [-0.563561744209082, -0.1499258807554538, -0.8017917977852415, 0.13057681167814375], [-0.3449709411290487, 0.25254266387598995, 0.04823744094194708, -0.9027128014990866], [-0.3400043296498514, 0.8506133080286206, 0.1410689957989165, 0.3754378702904758]], "target": [-0.3679941561385358, 0.14770623077354614, 0.8751429767492304, 0.2772867481237705], "inputs": [1, 1, 1, 1], "outputs": [1, 1, 1, 1], "time_start": null, "time_complete": null, "actions": null, "score": null}, {"designers": [2], "num_inputs": [4], "num_outputs": [4], "coupling": [[-0.35200584935482304, 0.44764610731011145, -0.5464106775816714, -0.6141174285548592], [-0.3590671096944195, -0.2185500234520741, 0.7004799119719094, -0.5767448230444896], [-0.6364692380794041, -0.6508030892070759, -0.3575710024191936, 0.20857906483173783], [-0.5848671658883814, 0.5729783494493739, 0.2879344414575965, 0.49670913697098973]], "target": [-0.7180517350084854, -0.4228870999404187, -0.23958740341971022, 0.49816270703243853], "inputs": [2, 2, 2, 2], "outputs": [2, 2, 2, 2], "time_start": null, "time_complete": null, "actions": null, "score": null}, {"designers": [3], "num_inputs": [4], "num_outputs": [4], "coupling": [[-0.6505710239717443, -0.6864640781311221, 0.09918137756551229, -0.3093339078538796], [-0.5239259647432191, 0.6556593046635424, -0.3041714355951506, -0.45065751679517474], [-0.34739620003426547, 0.31412792387651545, 0.8310549825780086, 0.2999785718598063], [-0.4261159542166844, -0.014198347958144873, -0.45496198527399906, 0.7818140395470047]], "target": [-0.20171494691937442, -0.9013596645615474, 0.2545290824335146, -0.28649045618722063], "inputs": [3, 3, 3, 3], "outputs": [3, 3, 3, 3], "time_start": null, "time_complete": null, "actions": null, "score": null}]}, {"name": "Economic Motion (Individual)", "assignments": [[0], [1], [2], [3]], "tasks": [{"designers": [0], "num_inputs": [2], "num_outputs": [2], "coupling": [[-0.8487491482882641, -0.5287956914347423], [-0.5287956914347423, 0.8487491482882639]], "target": [0.8561392258509974, -0.5167452234508362], "inputs": [0, 0], "outputs": [0, 0], "time_start": null, "time_complete": null, "actions": null, "score": null}, {"designers": [1], "num_inputs": [2], "num_outputs": [2], "coupling": [[-0.356860597924486, -0.9341576492482297], [-0.9341576492482296, 0.35686059792448593]], "target": [-0.1614938703463238, 0.9868737152445416], "inputs": [1, 1], "outputs": [1, 1], "time_start": null, "time_complete": null, "actions": null, "score": null}, {"designers": [2], "num_inputs": [2], "num_outputs": [2], "coupling": [[0.7730715454825735, 0.6343188358902685], [0.6343188358902685, -0.7730715454825735]], "target": [0.3946190106380183, 0.9188448380673809], "inputs": [2, 2], "outputs": [2, 2], "time_start": null, "time_complete": null, "actions": null, "score": null}, {"designers": [3], "num_inputs": [2], "num_outputs": [2], "coupling": [[-0.8108214401551075, -0.5852935948605601], [-0.5852935948605601, 0.8108214401551076]], "target": [0.9756410393204582, 0.21937311228520204], "inputs": [3, 3], "outputs": [3, 3], "time_start": null, "time_complete": null, "actions": null, "score": null}]}, {"name": "Husky Verse (Pair)", "assignments": [[0, 1], [2, 3]], "tasks": [{"designers": [0, 1], "num_inputs": [2, 2], "num_outputs": [2, 2], "coupling": [[-0.4440745874913226, 0.27871193316070614, -0.8438937386723928, -0.11384540784662793], [-0.7742562838142578, 0.33435142520327954, 0.4873111991987568, 0.22641582668652124], [-0.15827860428015428, -0.016297350820938333, 0.208100826222271, -0.9650784040216388], [-0.42222369799156617, -0.900146198755834, -0.08405473865648073, 0.06632322842820843]], "target": [-0.25543526990662513, 0.47755019345765143, 0.42587610922246244, 0.7247952643400941], "inputs": [0, 0, 1, 1], "outputs": [0, 0, 1, 1], "time_start": null, "time_complete": null, "actions": null, "score": null}, {"designers": [2, 3], "num_inputs": [2, 2], "num_outputs": [2, 2], "coupling": [[-0.5340015447538347, 0.8000528372313596, 0.16742848932166646, -0.21616084012150388], [-0.637266431679233, -0.4852292335657267, 0.5598956775746179, 0.21203989290059216], [-0.32210288657978126, -0.35266552947733804, -0.37056938227129466, -0.7965896608031718], [-0.4527511189520226, -0.009750530741338675, -0.7219161060121843, 0.5232193491435101]], "target": [-0.5294089557299735, -0.381383654049402, 0.7527892583796799, -0.08706892950413728], "inputs": [2, 2, 3, 3], "outputs": [2, 2, 3, 3], "time_start": null, "time_complete": null, "actions": null, "score": null}]}, {"name": "Chief Government (Pair)", "assignments": [[0, 1], [2, 3]], "tasks": [{"designers": [0, 1], "num_inputs": [2, 2], "num_outputs": [2, 2], "coupling": [[-0.5345699097086061, 0.6911347262967443, -0.42612020136106016, -0.23449813588356488], [-0.6576860946580271, -0.012833277737329398, 0.7456037701594079, 0.10658013792478511], [-0.2707280140795909, -0.5567271896401008, -0.13787055422719335, -0.7731448046679499], [-0.45649792433276937, -0.4606766039258733, -0.4934453386071987, 0.579567433075759]], "target": [0.4831460809885797, 0.5978891279118413, -0.6268814387018402, -0.12695714616084236], "inputs": [0, 0, 1, 1], "outputs": [0, 0, 1, 1], "time_start": null, "time_complete": null, "actions": null, "score": null}, {"designers": [2, 3], "num_inputs": [2, 2], "num_outputs": [2, 2], "coupling": [[-0.5689737503768081, -0.468130846924677, -0.6209594887170429, 0.26745409870107173], [-0.20448135160265873, 0.5566029885893948, 0.11124089153610942, 0.7974998144139941], [-0.3760972840302165, 0.6713974184968706, -0.3819587314226492, -0.511745900687864], [-0.7021446298121168, -0.1423802292689417, 0.6753830801201048, -0.17486704728681451]], "target": [-0.4605693183117261, -0.03064252166958676, -0.848812839319875, 0.2577861569233946], "inputs": [2, 2, 3, 3], "outputs": [2, 2, 3, 3], "time_start": null, "time_complete": null, "actions": null, "score": null}]}, {"name": "Thinkable Ink (Pair)", "assignments": [[0, 1], [2, 3]], "tasks": [{"designers": [0, 1], "num_inputs": [1, 1], "num_outputs": [1, 1], "coupling": [[-0.694833349947631, -0.7191707834725721], [-0.7191707834725721, 0.6948333499476309]], "target": [-0.3264994930094629, 0.9451973767761758], "inputs": [0, 1], "outputs": [0, 1], "time_start": null, "time_complete": null, "actions": null, "score": null}, {"designers": [2, 3], "num_inputs": [1, 1], "num_outputs": [1, 1], "coupling": [[-0.21723267170630753, -0.9761198524481199], [-0.97611985244812, 0.2172326717063077]], "target": [0.8401793969839497, -0.5423085661168247], "inputs": [2, 3], "outputs": [2, 3], "time_start": null, "time_complete": null, "actions": null, "score": null}]}]}