{"name": "experiment002", "num_designers": 4, "error_tol": 0.05, "training": [{"name": "Training Task 1/5 (Individual)", "assignments": [[0], [1], [2], [3]], "tasks": [{"designers": [0], "num_inputs": [1], "num_outputs": [1], "coupling": [[1.0]], "target": [1.0], "inputs": [0], "outputs": [0], "time_start": null, "time_complete": null, "actions": null, "score": null}, {"designers": [1], "num_inputs": [1], "num_outputs": [1], "coupling": [[1.0]], "target": [-1.0], "inputs": [1], "outputs": [1], "time_start": null, "time_complete": null, "actions": null, "score": null}, {"designers": [2], "num_inputs": [1], "num_outputs": [1], "coupling": [[1.0]], "target": [-1.0], "inputs": [2], "outputs": [2], "time_start": null, "time_complete": null, "actions": null, "score": null}, {"designers": [3], "num_inputs": [1], "num_outputs": [1], "coupling": [[1.0]], "target": [-1.0], "inputs": [3], "outputs": [3], "time_start": null, "time_complete": null, "actions": null, "score": null}], "max_time": 90000}, {"name": "Training Task 2/5 (Individual)", "assignments": [[0], [1], [2], [3]], "tasks": [{"designers": [0], "num_inputs": [2], "num_outputs": [2], "coupling": [[-0.6397885981185288, -0.7685509415240651], [-0.7685509415240652, 0.6397885981185291]], "target": [-0.615829708472106, 0.7878792865427807], "inputs": [0, 0], "outputs": [0, 0], "time_start": null, "time_complete": null, "actions": null, "score": null}, {"designers": [1], "num_inputs": [2], "num_outputs": [2], "coupling": [[-0.6904414791217749, -0.7233882525367242], [-0.723388252536724, 0.6904414791217751]], "target": [-0.9812505682627508, -0.19273640622370514], "inputs": [1, 1], "outputs": [1, 1], "time_start": null, "time_complete": null, "actions": null, "score": null}, {"designers": [2], "num_inputs": [2], "num_outputs": [2], "coupling": [[-0.8219782915174272, -0.5695188217031034], [-0.5695188217031034, 0.8219782915174273]], "target": [0.4868348705887411, 0.8734940233217648], "inputs": [2, 2], "outputs": [2, 2], "time_start": null, "time_complete": null, "actions": null, "score": null}, {"designers": [3], "num_inputs": [2], "num_outputs": [2], "coupling": [[-0.422082083401677, -0.906557618064787], [-0.9065576180647872, 0.4220820834016768]], "target": [-0.6045660020630259, 0.7965550509221123], "inputs": [3, 3], "outputs": [3, 3], "time_start": null, "time_complete": null, "actions": null, "score": null}], "max_time": 120000}, {"name": "Training Task 3/5 (Pair)", "assignments": [[0, 1], [2, 3]], "tasks": [{"designers": [0, 1], "num_inputs": [1, 1], "num_outputs": [1, 1], "coupling": [[-1, 0], [0, 1]], "target": [-0.697176190461708, -0.7168998252568491], "inputs": [0, 1], "outputs": [0, 1], "time_start": null, "time_complete": null, "actions": null, "score": null}, {"designers": [2, 3], "num_inputs": [1, 1], "num_outputs": [1, 1], "coupling": [[-1, 0], [0, 1]], "target": [-0.9372248265934191, 0.348725715164419], "inputs": [2, 3], "outputs": [2, 3], "time_start": null, "time_complete": null, "actions": null, "score": null}], "max_time": 270000}, {"name": "Training Task 4/5 (Pair)", "assignments": [[0, 1], [2, 3]], "tasks": [{"designers": [0, 1], "num_inputs": [1, 1], "num_outputs": [1, 1], "coupling": [[-0.5101228669690976, -0.8601015408631871], [-0.8601015408631869, 0.5101228669690977]], "target": [0.20533310426344653, -0.9786921458219313], "inputs": [0, 1], "outputs": [0, 1], "time_start": null, "time_complete": null, "actions": null, "score": null}, {"designers": [2, 3], "num_inputs": [1, 1], "num_outputs": [1, 1], "coupling": [[-0.9173917460792868, -0.3979854070510599], [-0.39798540705105984, 0.9173917460792865]], "target": [0.914820532833369, -0.4038606104913809], "inputs": [2, 3], "outputs": [2, 3], "time_start": null, "time_complete": null, "actions": null, "score": null}], "max_time": 270000}, {"name": "Training Task 5/5 (Pair)", "assignments": [[0, 1], [2, 3]], "tasks": [{"designers": [0, 1], "num_inputs": [2, 1], "num_outputs": [2, 1], "coupling": [[-0.47755194242797494, -0.4972527721751506, -0.7243506214861668], [-0.7806035666367013, -0.1382504477631764, 0.6095448182433695], [-0.4032396483945117, 0.8565199905766406, -0.3221355176090678]], "target": [0.6737177199884432, -0.4056701885583508, -0.6176861111346165], "inputs": [0, 0, 1], "outputs": [0, 0, 1], "time_start": null, "time_complete": null, "actions": null, "score": null}, {"designers": [2, 3], "num_inputs": [2, 1], "num_outputs": [2, 1], "coupling": [[-0.6841373088210261, 0.5549189085424, -0.47330872337327057], [-0.40839626446120797, -0.8291293618476622, -0.3817813412101479], [-0.6042918449336001, -0.06789334477104556, 0.7938651396065616]], "target": [-0.4089024991183905, 0.06382347994168475, 0.91034351188047], "inputs": [2, 2, 3], "outputs": [2, 2, 3], "time_start": null, "time_complete": null, "actions": null, "score": null}], "max_time": 540000}], "rounds": [{"name": "Flat Sleep (Individual)", "assignments": [[0], [1], [2], [3]], "tasks": [{"designers": [0], "num_inputs": [2], "num_outputs": [2], "coupling": [[-0.9395677702825186, -0.34236297265670673], [-0.3423629726567069, 0.9395677702825183]], "target": [0.8350519157602048, -0.550171153356128], "inputs": [0, 0], "outputs": [0, 0], "time_start": null, "time_complete": null, "actions": null, "score": null}, {"designers": [1], "num_inputs": [2], "num_outputs": [2], "coupling": [[-0.9448145192395425, -0.3276057451177438], [-0.32760574511774393, 0.9448145192395424]], "target": [0.7093063545324725, 0.7049003443181556], "inputs": [1, 1], "outputs": [1, 1], "time_start": null, "time_complete": null, "actions": null, "score": null}, {"designers": [2], "num_inputs": [2], "num_outputs": [2], "coupling": [[-0.9955068954124076, -0.0946890763834447], [-0.0946890763834447, 0.9955068954124076]], "target": [-0.7086722225142039, -0.7055378664797364], "inputs": [2, 2], "outputs": [2, 2], "time_start": null, "time_complete": null, "actions": null, "score": null}, {"designers": [3], "num_inputs": [2], "num_outputs": [2], "coupling": [[-0.7634370496175124, -0.6458822425731398], [-0.6458822425731398, 0.7634370496175122]], "target": [-0.9321667764117627, 0.3620291437910802], "inputs": [3, 3], "outputs": [3, 3], "time_start": null, "time_complete": null, "actions": null, "score": null}], "max_time": 120000}, {"name": "Economic Motion (Individual)", "assignments": [[0], [1], [2], [3]], "tasks": [{"designers": [0], "num_inputs": [2], "num_outputs": [2], "coupling": [[-0.8800004926903299, -0.47497277065614685], [-0.4749727706561469, 0.88000049269033]], "target": [-0.6561475535226371, 0.7546326179050691], "inputs": [0, 0], "outputs": [0, 0], "time_start": null, "time_complete": null, "actions": null, "score": null}, {"designers": [1], "num_inputs": [2], "num_outputs": [2], "coupling": [[-0.7136282985349375, -0.7005245545518946], [-0.7005245545518944, 0.7136282985349375]], "target": [0.9628699791079427, 0.2699655595306011], "inputs": [1, 1], "outputs": [1, 1], "time_start": null, "time_complete": null, "actions": null, "score": null}, {"designers": [2], "num_inputs": [2], "num_outputs": [2], "coupling": [[-0.04221139304421754, -0.99910870194252], [-0.9991087019425199, 0.04221139304421741]], "target": [-0.7676883335953091, -0.6408233941279435], "inputs": [2, 2], "outputs": [2, 2], "time_start": null, "time_complete": null, "actions": null, "score": null}, {"designers": [3], "num_inputs": [2], "num_outputs": [2], "coupling": [[-0.5080985321400905, -0.8612989502124594], [-0.8612989502124595, 0.5080985321400907]], "target": [-0.05186830138334653, 0.9986539337085728], "inputs": [3, 3], "outputs": [3, 3], "time_start": null, "time_complete": null, "actions": null, "score": null}], "max_time": 120000}, {"name": "Unwritten Experience (Individual)", "assignments": [[0], [1], [2], [3]], "tasks": [{"designers": [0], "num_inputs": [3], "num_outputs": [3], "coupling": [[-0.3625983736514101, 0.8789864111855041, -0.309685822046442], [-0.4650165804187024, -0.4586228484019611, -0.7572480854114906], [-0.8076397707895822, -0.13056788224865928, 0.575039154113919]], "target": [-0.9208797476370274, -0.2758737397808787, 0.27545266397563967], "inputs": [0, 0, 0], "outputs": [0, 0, 0], "time_start": null, "time_complete": null, "actions": null, "score": null}, {"designers": [1], "num_inputs": [3], "num_outputs": [3], "coupling": [[-0.43389720845610197, -0.5724415261182113, -0.6957326438147451], [-0.5151581044102873, -0.4758911397099758, 0.7128392179208014], [-0.7391517705819296, 0.6677112566978284, -0.08841005443163846]], "target": [-0.432393847220387, -0.7928736512327824, 0.4294029972726649], "inputs": [1, 1, 1], "outputs": [1, 1, 1], "time_start": null, "time_complete": null, "actions": null, "score": null}, {"designers": [2], "num_inputs": [3], "num_outputs": [3], "coupling": [[-0.7068741621167938, -0.23241929381171234, -0.6680645109536544], [-0.23129752992443703, -0.8166029240507587, 0.5288299510075098], [-0.6684537168589421, 0.528337899734456, 0.5234774991550729]], "target": [0.9182166889831396, 0.31276821377657793, -0.24301060989975168], "inputs": [2, 2, 2], "outputs": [2, 2, 2], "time_start": null, "time_complete": null, "actions": null, "score": null}, {"designers": [3], "num_inputs": [3], "num_outputs": [3], "coupling": [[-0.48731494137998554, -0.5019609519830898, -0.7145343592802598], [-0.736294053646904, -0.20371823030165118, 0.6452673470794671], [-0.46946268698591104, 0.840555819280905, -0.2703159266506046]], "target": [-0.6064035610152143, 0.009409047209114955, -0.7951013715361607], "inputs": [3, 3, 3], "outputs": [3, 3, 3], "time_start": null, "time_complete": null, "actions": null, "score": null}], "max_time": 240000}, {"name": "Noiseless Stone (Individual)", "assignments": [[0], [1], [2], [3]], "tasks": [{"designers": [0], "num_inputs": [3], "num_outputs": [3], "coupling": [[-0.6822324529757826, 0.6971019031279911, 0.22047180491386942], [-0.21399268359667867, 0.09795737808187785, -0.9719112528654124], [-0.6991180239943314, -0.7102487513080589, 0.08234500465483528]], "target": [0.15810541907245312, 0.7303052922327743, 0.6645726872184309], "inputs": [0, 0, 0], "outputs": [0, 0, 0], "time_start": null, "time_complete": null, "actions": null, "score": null}, {"designers": [1], "num_inputs": [3], "num_outputs": [3], "coupling": [[-0.6704130771793112, -0.5031907979410172, -0.545293798620935], [-0.5741922724688923, -0.11362808578674359, 0.8107970722427711], [-0.46994631627875966, 0.8566724455636021, -0.21275051310890206]], "target": [-0.17265274705128042, 0.38739696987327366, 0.9056017980705717], "inputs": [1, 1, 1], "outputs": [1, 1, 1], "time_start": null, "time_complete": null, "actions": null, "score": null}, {"designers": [2], "num_inputs": [3], "num_outputs": [3], "coupling": [[-0.4598053229250521, 0.8530972998908485, -0.24658479662933788], [-0.7460664412288966, -0.52171403997582, -0.4137624025502529], [-0.48162633885807854, -0.006281513436463306, 0.8763541591771622]], "target": [0.5238160222311086, 0.40671424641179765, 0.7484652941985103], "inputs": [2, 2, 2], "outputs": [2, 2, 2], "time_start": null, "time_complete": null, "actions": null, "score": null}, {"designers": [3], "num_inputs": [3], "num_outputs": [3], "coupling": [[-0.6325058261079093, 0.416275485522712, -0.653185348957233], [-0.4936567148723374, -0.8664869529413849, -0.07418495968729813], [-0.5968579628362208, 0.2755269143571725, 0.7535552346469447]], "target": [0.6575538397875622, 0.6988132228827736, 0.28157241929000093], "inputs": [3, 3, 3], "outputs": [3, 3, 3], "time_start": null, "time_complete": null, "actions": null, "score": null}], "max_time": 240000}, {"name": "Staking System (Pair)", "assignments": [[0, 1], [2, 3]], "tasks": [{"designers": [0, 1], "num_inputs": [1, 1], "num_outputs": [1, 1], "coupling": [[-0.34079478606208696, -0.9401377100153445], [-0.9401377100153445, 0.3407947860620869]], "target": [0.9724093110184475, 0.23328122908761517], "inputs": [0, 1], "outputs": [0, 1], "time_start": null, "time_complete": null, "actions": null, "score": null}, {"designers": [2, 3], "num_inputs": [1, 1], "num_outputs": [1, 1], "coupling": [[-0.6839719742762596, -0.729508285357086], [-0.729508285357086, 0.6839719742762594]], "target": [-0.21297558000567096, -0.9770575225242616], "inputs": [2, 3], "outputs": [2, 3], "time_start": null, "time_complete": null, "actions": null, "score": null}], "max_time": 180000}, {"name": "Towering Test (Pair)", "assignments": [[0, 1], [2, 3]], "tasks": [{"designers": [0, 1], "num_inputs": [1, 1], "num_outputs": [1, 1], "coupling": [[0.36180507250878263, 0.9322537688349212], [0.9322537688349211, -0.36180507250878263]], "target": [-0.7143930759345882, 0.6997446198840817], "inputs": [0, 1], "outputs": [0, 1], "time_start": null, "time_complete": null, "actions": null, "score": null}, {"designers": [2, 3], "num_inputs": [1, 1], "num_outputs": [1, 1], "coupling": [[-0.8915124898743074, -0.4529961152130475], [-0.45299611521304756, 0.8915124898743078]], "target": [-0.2091822155715184, -0.9778766796936058], "inputs": [2, 3], "outputs": [2, 3], "time_start": null, "time_complete": null, "actions": null, "score": null}], "max_time": 180000}, {"name": "Thinkable Ink (Pair)", "assignments": [[0, 1], [2, 3]], "tasks": [{"designers": [0, 1], "num_inputs": [1, 1], "num_outputs": [1, 1], "coupling": [[-0.5476725736147378, -0.8366927465385424], [-0.8366927465385425, 0.5476725736147378]], "target": [-0.7850336634449762, -0.61945310335663], "inputs": [0, 1], "outputs": [0, 1], "time_start": null, "time_complete": null, "actions": null, "score": null}, {"designers": [2, 3], "num_inputs": [1, 1], "num_outputs": [1, 1], "coupling": [[-0.9393080105365934, -0.3430750083316863], [-0.3430750083316862, 0.9393080105365935]], "target": [0.9725439545920382, -0.23271926518120428], "inputs": [2, 3], "outputs": [2, 3], "time_start": null, "time_complete": null, "actions": null, "score": null}], "max_time": 180000}, {"name": "Better Behavior (Pair)", "assignments": [[0, 1], [2, 3]], "tasks": [{"designers": [0, 1], "num_inputs": [2, 1], "num_outputs": [2, 1], "coupling": [[-0.443523593128122, 0.6736405205658341, 0.5911812508787063], [-0.5022325224119325, 0.3595166979394989, -0.7864542182062644], [-0.7423269601533189, -0.6457214515210647, 0.178870040182982]], "target": [0.034760460860518316, 0.5124592511321902, -0.8580077075934686], "inputs": [0, 0, 1], "outputs": [0, 0, 1], "time_start": null, "time_complete": null, "actions": null, "score": null}, {"designers": [2, 3], "num_inputs": [2, 1], "num_outputs": [2, 1], "coupling": [[-0.581266530693422, -0.3820205954648052, -0.7184632801586656], [-0.651923059159588, -0.30975264070996433, 0.6921341102049571], [-0.4869553832042909, 0.8706971725082832, -0.06899919241877621]], "target": [0.5612683097205531, -0.5820329307048738, -0.5884008430300972], "inputs": [2, 2, 3], "outputs": [2, 2, 3], "time_start": null, "time_complete": null, "actions": null, "score": null}], "max_time": 360000}, {"name": "Hallowed Sign (Pair)", "assignments": [[1, 0], [3, 2]], "tasks": [{"designers": [1, 0], "num_inputs": [2, 1], "num_outputs": [2, 1], "coupling": [[-0.5493491867566073, 0.24243211471856058, -0.7996512619654524], [-0.6857796961742822, -0.677576963155413, 0.26569845185133667], [-0.47741143610617776, 0.6943458279230709, 0.538481375649021]], "target": [0.08383161374441284, 0.9576238255691123, 0.27555193564804803], "inputs": [1, 1, 0], "outputs": [1, 1, 0], "time_start": null, "time_complete": null, "actions": null, "score": null}, {"designers": [3, 2], "num_inputs": [2, 1], "num_outputs": [2, 1], "coupling": [[-0.8739489222938964, 0.4833223364056298, 0.05111555881274109], [-0.23521973646404176, -0.3285880018051661, -0.9147139447102987], [-0.42530572156875857, -0.8114366544599096, 0.40085608265284717]], "target": [-0.5900495359800797, -0.5562741338197452, 0.5851500945336887], "inputs": [3, 3, 2], "outputs": [3, 3, 2], "time_start": null, "time_complete": null, "actions": null, "score": null}], "max_time": 360000}, {"name": "Absorbed Copper (Pair)", "assignments": [[1, 0], [3, 2]], "tasks": [{"designers": [1, 0], "num_inputs": [2, 1], "num_outputs": [2, 1], "coupling": [[-0.3661449150608503, 0.8043603774997666, -0.46791268873959285], [-0.5771949537778817, -0.5907238313611262, -0.5638185349874376], [-0.7299204658785995, 0.06363755314642516, 0.6805632779698769]], "target": [-0.4295965532521051, 0.902124495805378, 0.040226800790067414], "inputs": [1, 1, 0], "outputs": [1, 1, 0], "time_start": null, "time_complete": null, "actions": null, "score": null}, {"designers": [3, 2], "num_inputs": [2, 1], "num_outputs": [2, 1], "coupling": [[-0.7845122703184377, -0.19227535745613536, -0.5895512570039404], [-0.4329220938104925, -0.5108602271792718, 0.7426979796505997], [-0.44398080860612654, 0.8378854427673624, 0.3175358663017321]], "target": [0.5737228280132798, -0.33953344721760964, 0.7453584069673937], "inputs": [3, 3, 2], "outputs": [3, 3, 2], "time_start": null, "time_complete": null, "actions": null, "score": null}], "max_time": 360000}]}