{"name": "experiment009", "num_designers": 4, "error_tol": 0.05, "training": [{"name": "Training Task 1/5 (Individual)", "assignments": [[0], [1], [2], [3]], "tasks": [{"designers": [0], "num_inputs": [1], "num_outputs": [1], "coupling": [[1.0]], "target": [1.0], "inputs": [0], "outputs": [0], "time_start": null, "time_complete": null, "actions": null, "score": null}, {"designers": [1], "num_inputs": [1], "num_outputs": [1], "coupling": [[1.0]], "target": [1.0], "inputs": [1], "outputs": [1], "time_start": null, "time_complete": null, "actions": null, "score": null}, {"designers": [2], "num_inputs": [1], "num_outputs": [1], "coupling": [[1.0]], "target": [-1.0], "inputs": [2], "outputs": [2], "time_start": null, "time_complete": null, "actions": null, "score": null}, {"designers": [3], "num_inputs": [1], "num_outputs": [1], "coupling": [[1.0]], "target": [-1.0], "inputs": [3], "outputs": [3], "time_start": null, "time_complete": null, "actions": null, "score": null}], "max_time": null}, {"name": "Training Task 2/5 (Individual)", "assignments": [[0], [1], [2], [3]], "tasks": [{"designers": [0], "num_inputs": [2], "num_outputs": [2], "coupling": [[-0.673805346421886, -0.7389088950156726], [-0.7389088950156726, 0.673805346421886]], "target": [-0.40665784127542914, 0.9135805383923238], "inputs": [0, 0], "outputs": [0, 0], "time_start": null, "time_complete": null, "actions": null, "score": null}, {"designers": [1], "num_inputs": [2], "num_outputs": [2], "coupling": [[0.2613806398540457, 0.9652358059611592], [0.9652358059611595, -0.26138063985404586]], "target": [-0.9022406807522214, -0.4312328303779392], "inputs": [1, 1], "outputs": [1, 1], "time_start": null, "time_complete": null, "actions": null, "score": null}, {"designers": [2], "num_inputs": [2], "num_outputs": [2], "coupling": [[-0.23296295255127344, -0.9724856105560604], [-0.9724856105560602, 0.23296295255127353]], "target": [-0.3037389166710165, 0.9527553046294297], "inputs": [2, 2], "outputs": [2, 2], "time_start": null, "time_complete": null, "actions": null, "score": null}, {"designers": [3], "num_inputs": [2], "num_outputs": [2], "coupling": [[-0.3646889868213048, -0.9311293910575752], [-0.9311293910575751, 0.36468898682130424]], "target": [0.9087732081982409, 0.4172903737939286], "inputs": [3, 3], "outputs": [3, 3], "time_start": null, "time_complete": null, "actions": null, "score": null}], "max_time": null}, {"name": "Training Task 3/5 (Pair)", "assignments": [[0, 1], [2, 3]], "tasks": [{"designers": [0, 1], "num_inputs": [1, 1], "num_outputs": [1, 1], "coupling": [[1, 0], [0, 1]], "target": [0.33090038851573045, 0.9436656891506329], "inputs": [0, 1], "outputs": [0, 1], "time_start": null, "time_complete": null, "actions": null, "score": null}, {"designers": [2, 3], "num_inputs": [1, 1], "num_outputs": [1, 1], "coupling": [[-1, 0], [0, 1]], "target": [-0.9260769805995803, 0.37733463398363565], "inputs": [2, 3], "outputs": [2, 3], "time_start": null, "time_complete": null, "actions": null, "score": null}], "max_time": null}, {"name": "Training Task 4/5 (Pair)", "assignments": [[0, 1], [2, 3]], "tasks": [{"designers": [0, 1], "num_inputs": [1, 1], "num_outputs": [1, 1], "coupling": [[-0.4133841052550029, -0.9105567426154834], [-0.9105567426154835, 0.4133841052550032]], "target": [0.3416272644187537, -0.9398355240177714], "inputs": [0, 1], "outputs": [0, 1], "time_start": null, "time_complete": null, "actions": null, "score": null}, {"designers": [2, 3], "num_inputs": [1, 1], "num_outputs": [1, 1], "coupling": [[-0.08841839789524203, -0.9960834236717515], [-0.9960834236717516, 0.08841839789524227]], "target": [0.4092317910120462, 0.9124304582953557], "inputs": [2, 3], "outputs": [2, 3], "time_start": null, "time_complete": null, "actions": null, "score": null}], "max_time": null}, {"name": "Training Task 5/5 (Pair)", "assignments": [[0, 1], [2, 3]], "tasks": [{"designers": [0, 1], "num_inputs": [2, 1], "num_outputs": [2, 1], "coupling": [[-0.4672571761360879, 0.8302913814913457, -0.30378767777927085], [-0.5245681753249642, -0.5369436383554276, -0.660696419443812], [-0.7116874038407364, -0.1493577954136594, 0.6864352031791525]], "target": [-0.8253296182104, -0.5606224975085704, -0.06733079972738133], "inputs": [0, 0, 1], "outputs": [0, 0, 1], "time_start": null, "time_complete": null, "actions": null, "score": null}, {"designers": [2, 3], "num_inputs": [2, 1], "num_outputs": [2, 1], "coupling": [[-0.5873393125051652, 0.8047323218708043, 0.08624628758609704], [-0.6779954574693374, -0.43102474744636743, -0.5954324703438157], [-0.44198947005206374, -0.40819548898195634, 0.7987626375450201]], "target": [0.5832365459009838, 0.6789833564963492, -0.4458887003798605], "inputs": [2, 2, 3], "outputs": [2, 2, 3], "time_start": null, "time_complete": null, "actions": null, "score": null}], "max_time": null}], "rounds": [{"name": "Noiseless Stone (Individual)", "assignments": [[0], [1], [2], [3]], "tasks": [{"designers": [0], "num_inputs": [3], "num_outputs": [3], "coupling": [[-0.5660379305753045, 0.5709245684199026, -0.5946815940691066], [-0.8142155063992225, -0.5001025141067922, 0.2948738450984132], [-0.12905103753586594, 0.6511087563215635, 0.7479326287522848]], "target": [0.6082303438642027, 0.5907587757541726, 0.5301508442625222], "inputs": [0, 0, 0], "outputs": [0, 0, 0], "time_start": null, "time_complete": null, "actions": null, "score": null}, {"designers": [1], "num_inputs": [3], "num_outputs": [3], "coupling": [[-0.632985182899885, 0.5970328638683835, -0.492830110373053], [-0.46588845898686587, -0.8021882535896039, -0.37341926782867674], [-0.6182861004519207, -0.006765002880847436, 0.7859239993307111]], "target": [-0.23411486710054197, 0.9689171296616726, -0.07993638001986968], "inputs": [1, 1, 1], "outputs": [1, 1, 1], "time_start": null, "time_complete": null, "actions": null, "score": null}, {"designers": [2], "num_inputs": [3], "num_outputs": [3], "coupling": [[-0.4140940387259599, 0.7285233750514605, 0.5456920551879526], [-0.7626501207523906, 0.049569923562232464, -0.6449089982271902], [-0.49688119345371334, -0.6832250834693224, 0.5350818301067141]], "target": [-0.3872699905054522, 0.6230520395887156, 0.6795793628548829], "inputs": [2, 2, 2], "outputs": [2, 2, 2], "time_start": null, "time_complete": null, "actions": null, "score": null}, {"designers": [3], "num_inputs": [3], "num_outputs": [3], "coupling": [[-0.4908808232299227, 0.8599681622740123, -0.13960937382629893], [-0.7416018046375149, -0.4965446968388127, -0.4510766314049449], [-0.4572338359564986, -0.11789030458994323, 0.8814982106279037]], "target": [0.4550856167426509, -0.5998720640798549, -0.6580657931928507], "inputs": [3, 3, 3], "outputs": [3, 3, 3], "time_start": null, "time_complete": null, "actions": null, "score": null}], "max_time": 240000}, {"name": "Absorbed Copper (Pair)", "assignments": [[1, 0], [3, 2]], "tasks": [{"designers": [1, 0], "num_inputs": [2, 1], "num_outputs": [2, 1], "coupling": [[-0.4597543230272217, 0.4014612364408953, -0.7921204694319722], [-0.5658544419713057, -0.8198907727147948, -0.08710838833590377], [-0.6844229050514915, 0.4081764280951117, 0.6041169510851296]], "target": [0.6641450620194711, -0.49553079386706517, -0.5597861814341515], "inputs": [1, 1, 0], "outputs": [1, 1, 0], "time_start": null, "time_complete": null, "actions": null, "score": null}, {"designers": [3, 2], "num_inputs": [2, 1], "num_outputs": [2, 1], "coupling": [[-0.867044747034003, 0.4814882678399171, 0.1280720678885847], [-0.2661859586601231, -0.23037152617019388, -0.9359882453013002], [-0.42116320120938017, -0.8456346775425736, 0.32790783779064325]], "target": [-0.5737568279135912, -0.7126335312740124, 0.4036787739359913], "inputs": [3, 3, 2], "outputs": [3, 3, 2], "time_start": null, "time_complete": null, "actions": null, "score": null}], "max_time": 600000}, {"name": "Staking System (Pair)", "assignments": [[0, 1], [2, 3]], "tasks": [{"designers": [0, 1], "num_inputs": [1, 1], "num_outputs": [1, 1], "coupling": [[-0.8501397300737293, -0.5265571567742346], [-0.5265571567742346, 0.8501397300737294]], "target": [0.9969446012020855, 0.07811185655209016], "inputs": [0, 1], "outputs": [0, 1], "time_start": null, "time_complete": null, "actions": null, "score": null}, {"designers": [2, 3], "num_inputs": [1, 1], "num_outputs": [1, 1], "coupling": [[-0.3563777946542343, -0.9343419435503173], [-0.9343419435503173, 0.35637779465423436]], "target": [0.6163619991741249, -0.7874629426036986], "inputs": [2, 3], "outputs": [2, 3], "time_start": null, "time_complete": null, "actions": null, "score": null}], "max_time": 180000}, {"name": "Towering Test (Pair)", "assignments": [[0, 1], [2, 3]], "tasks": [{"designers": [0, 1], "num_inputs": [1, 1], "num_outputs": [1, 1], "coupling": [[-0.7927909543121044, -0.6094936445615351], [-0.6094936445615351, 0.7927909543121044]], "target": [-0.999999017729142, -0.001401620758606753], "inputs": [0, 1], "outputs": [0, 1], "time_start": null, "time_complete": null, "actions": null, "score": null}, {"designers": [2, 3], "num_inputs": [1, 1], "num_outputs": [1, 1], "coupling": [[-0.7385615730600977, -0.6741860298159505], [-0.6741860298159505, 0.7385615730600978]], "target": [-0.9615300217117297, 0.2746998677594153], "inputs": [2, 3], "outputs": [2, 3], "time_start": null, "time_complete": null, "actions": null, "score": null}], "max_time": 180000}, {"name": "Thinkable Ink (Pair)", "assignments": [[0, 1], [2, 3]], "tasks": [{"designers": [0, 1], "num_inputs": [1, 1], "num_outputs": [1, 1], "coupling": [[-0.7637550169859221, -0.6455062153293597], [-0.6455062153293597, 0.763755016985922]], "target": [-0.8857931975421751, -0.4640801775426416], "inputs": [0, 1], "outputs": [0, 1], "time_start": null, "time_complete": null, "actions": null, "score": null}, {"designers": [2, 3], "num_inputs": [1, 1], "num_outputs": [1, 1], "coupling": [[-0.7335674751185279, -0.6796166268185528], [-0.6796166268185531, 0.7335674751185277]], "target": [0.9492640395873437, -0.3144801792582762], "inputs": [2, 3], "outputs": [2, 3], "time_start": null, "time_complete": null, "actions": null, "score": null}], "max_time": 180000}, {"name": "Economic Motion (Individual)", "assignments": [[0], [1], [2], [3]], "tasks": [{"designers": [0], "num_inputs": [2], "num_outputs": [2], "coupling": [[-0.9643593459400904, -0.26459601640614505], [-0.264596016406145, 0.9643593459400903]], "target": [0.3387078335447895, 0.9408916002895317], "inputs": [0, 0], "outputs": [0, 0], "time_start": null, "time_complete": null, "actions": null, "score": null}, {"designers": [1], "num_inputs": [2], "num_outputs": [2], "coupling": [[-0.257014813406944, -0.966407463593589], [-0.9664074635935892, 0.2570148134069437]], "target": [-0.45476503159170334, -0.8906114562711379], "inputs": [1, 1], "outputs": [1, 1], "time_start": null, "time_complete": null, "actions": null, "score": null}, {"designers": [2], "num_inputs": [2], "num_outputs": [2], "coupling": [[-0.2012742673708132, -0.9795349249997891], [-0.9795349249997891, 0.2012742673708129]], "target": [0.2149227671988183, -0.9766310481136685], "inputs": [2, 2], "outputs": [2, 2], "time_start": null, "time_complete": null, "actions": null, "score": null}, {"designers": [3], "num_inputs": [2], "num_outputs": [2], "coupling": [[-0.810219010119863, -0.5861272520881363], [-0.5861272520881363, 0.8102190101198629]], "target": [0.9067091104715772, -0.4217565518019154], "inputs": [3, 3], "outputs": [3, 3], "time_start": null, "time_complete": null, "actions": null, "score": null}], "max_time": 120000}, {"name": "Husky Verse (Pair)", "assignments": [[0, 1], [2, 3]], "tasks": [{"designers": [0, 1], "num_inputs": [2, 2], "num_outputs": [2, 2], "coupling": [[-0.4958791528257311, 0.41737967636780493, -0.5644685054444891, 0.5111490760132573], [-0.4092940086333551, -0.8360624364717024, -0.3508646748077812, -0.10184300069160754], [-0.6035995944169906, -0.05119187830174756, 0.7451001781045458, 0.27905670714777403], [-0.4714337810438697, 0.3523821784257071, -0.05563282234319881, -0.8065246304340397]], "target": [-0.744476151859627, -0.60593646801298, 0.019374305691018792, 0.27967998198517413], "inputs": [0, 0, 1, 1], "outputs": [0, 0, 1, 1], "time_start": null, "time_complete": null, "actions": null, "score": null}, {"designers": [2, 3], "num_inputs": [2, 2], "num_outputs": [2, 2], "coupling": [[-0.5624898649165238, 0.06086499068762596, 0.6441496472127138, -0.5147541517758966], [-0.37661350128215404, -0.5013568348317392, 0.29472517952634775, 0.7210691113705113], [-0.42155548335762544, -0.5659730256535578, -0.6068429563793425, -0.36565986240829823], [-0.603372519236091, 0.6516220617111216, -0.3604856818816494, 0.28527243974902755]], "target": [-0.14843852557863269, -0.07145493896780493, -0.8862613864087191, 0.4328983145982941], "inputs": [2, 2, 3, 3], "outputs": [2, 2, 3, 3], "time_start": null, "time_complete": null, "actions": null, "score": null}], "max_time": 1200000}, {"name": "Hallowed Sign (Pair)", "assignments": [[1, 0], [3, 2]], "tasks": [{"designers": [1, 0], "num_inputs": [2, 1], "num_outputs": [2, 1], "coupling": [[-0.7714569394993968, 0.48505635071300807, 0.41179427768146964], [-0.5141619090502089, -0.09398389156733997, -0.8525283334926196], [-0.374822253581706, -0.8694178309413938, 0.3219020246303112]], "target": [-0.8041526607217577, 0.40481138129741756, 0.435277203430405], "inputs": [1, 1, 0], "outputs": [1, 1, 0], "time_start": null, "time_complete": null, "actions": null, "score": null}, {"designers": [3, 2], "num_inputs": [2, 1], "num_outputs": [2, 1], "coupling": [[-0.7459137675247162, 0.08160467676446923, -0.6610244535168497], [-0.2035169312508431, -0.9729239846075514, 0.10954350217883511], [-0.6341872831516908, 0.2162396746795818, 0.7423253282645997]], "target": [-0.9318689333820289, 0.32942066167683703, 0.1519944691685676], "inputs": [3, 3, 2], "outputs": [3, 3, 2], "time_start": null, "time_complete": null, "actions": null, "score": null}], "max_time": 600000}, {"name": "Flat Sleep (Individual)", "assignments": [[0], [1], [2], [3]], "tasks": [{"designers": [0], "num_inputs": [2], "num_outputs": [2], "coupling": [[0.634667701246152, 0.7727851635447751], [0.7727851635447752, -0.6346677012461521]], "target": [0.0041788302427172574, 0.9999912686507831], "inputs": [0, 0], "outputs": [0, 0], "time_start": null, "time_complete": null, "actions": null, "score": null}, {"designers": [1], "num_inputs": [2], "num_outputs": [2], "coupling": [[-0.6422142839282174, -0.7665251551766368], [-0.7665251551766368, 0.6422142839282174]], "target": [0.8996564890653496, 0.4365984444344806], "inputs": [1, 1], "outputs": [1, 1], "time_start": null, "time_complete": null, "actions": null, "score": null}, {"designers": [2], "num_inputs": [2], "num_outputs": [2], "coupling": [[-0.8538843644185198, -0.5204627673538046], [-0.5204627673538047, 0.8538843644185198]], "target": [-0.9370552350551382, 0.3491811656658474], "inputs": [2, 2], "outputs": [2, 2], "time_start": null, "time_complete": null, "actions": null, "score": null}, {"designers": [3], "num_inputs": [2], "num_outputs": [2], "coupling": [[-0.6067545515021666, -0.7948892465189125], [-0.7948892465189126, 0.6067545515021666]], "target": [0.6065659050169132, -0.7950332086592441], "inputs": [3, 3], "outputs": [3, 3], "time_start": null, "time_complete": null, "actions": null, "score": null}], "max_time": 120000}, {"name": "Better Behavior (Pair)", "assignments": [[0, 1], [2, 3]], "tasks": [{"designers": [0, 1], "num_inputs": [2, 1], "num_outputs": [2, 1], "coupling": [[-0.6035809440281414, -0.45857554879646845, -0.6522258121633296], [-0.7073370838335397, -0.06950580176305592, 0.7034509175167366], [-0.367918868556589, 0.8859330728487861, -0.28241511395948105]], "target": [0.26956499009512824, -0.2679963052672584, 0.9249392934015247], "inputs": [0, 0, 1], "outputs": [0, 0, 1], "time_start": null, "time_complete": null, "actions": null, "score": null}, {"designers": [2, 3], "num_inputs": [2, 1], "num_outputs": [2, 1], "coupling": [[-0.4988410814369418, -0.5509396639364567, -0.6690463826764234], [-0.2052343565527536, -0.6749063247782552, 0.7087879172677015], [-0.8420430121800192, 0.4908838350118009, 0.22359925349362772]], "target": [0.40996220021231045, 0.21187067719307598, -0.8871537693899684], "inputs": [2, 2, 3], "outputs": [2, 2, 3], "time_start": null, "time_complete": null, "actions": null, "score": null}], "max_time": 600000}, {"name": "Unwritten Experience (Individual)", "assignments": [[0], [1], [2], [3]], "tasks": [{"designers": [0], "num_inputs": [3], "num_outputs": [3], "coupling": [[-0.3594501631707785, 0.4593310294056412, -0.8122872556070636], [-0.4186322744538762, -0.8573309502048828, -0.2995507646566228], [-0.8339919657778938, 0.23237609009092755, 0.5004585435098274]], "target": [0.45876066671756854, 0.8240039072573883, -0.33249994210136335], "inputs": [0, 0, 0], "outputs": [0, 0, 0], "time_start": null, "time_complete": null, "actions": null, "score": null}, {"designers": [1], "num_inputs": [3], "num_outputs": [3], "coupling": [[-0.6986563164492011, 0.18147989005476883, -0.692058090763588], [-0.20057183702444334, -0.97818806339076, -0.05402824106404141], [-0.686768002806096, 0.10106019070604916, 0.7198170240944453]], "target": [-0.3126933935378471, 0.7487688373808452, 0.5844382514903713], "inputs": [1, 1, 1], "outputs": [1, 1, 1], "time_start": null, "time_complete": null, "actions": null, "score": null}, {"designers": [2], "num_inputs": [3], "num_outputs": [3], "coupling": [[-0.3947542137598012, 0.32068433804741797, 0.8610056132511394], [-0.5336844304123686, 0.6827822362206607, -0.4989883231468842], [-0.7478970781159037, -0.6564830334689563, -0.09838692653544236]], "target": [-0.29507999124974904, -0.8781230459885657, -0.37660020561307633], "inputs": [2, 2, 2], "outputs": [2, 2, 2], "time_start": null, "time_complete": null, "actions": null, "score": null}, {"designers": [3], "num_inputs": [3], "num_outputs": [3], "coupling": [[-0.3216349264105424, -0.2526627008562721, -0.9125308398672886], [-0.7438789098253445, -0.5288435817527117, 0.4086179554988003], [-0.5858285940699217, 0.8102382523893678, -0.017855887966769547]], "target": [-0.5076379197981906, -0.38268486874258584, -0.7719171157698445], "inputs": [3, 3, 3], "outputs": [3, 3, 3], "time_start": null, "time_complete": null, "actions": null, "score": null}], "max_time": 240000}, {"name": "Impolite Heat (Individual)", "assignments": [[0], [1], [2], [3]], "tasks": [{"designers": [0], "num_inputs": [4], "num_outputs": [4], "coupling": [[-0.5112906297468737, -0.6530827595938442, -0.3465053498304384, 0.4381767264394807], [-0.33321886918998705, -0.07579352114290203, -0.425260369769587, -0.8380776487127795], [-0.696448262794986, 0.11182447524414965, 0.7031066162531898, -0.08997883177284628], [-0.3775008535071642, 0.7451399452521784, -0.45246960850791873, 0.3122992490667139]], "target": [0.12544963824713928, 0.6254948793416257, -0.6899369434765897, -0.3420607522169827], "inputs": [0, 0, 0, 0], "outputs": [0, 0, 0, 0], "time_start": null, "time_complete": null, "actions": null, "score": null}, {"designers": [1], "num_inputs": [4], "num_outputs": [4], "coupling": [[-0.6510043419012899, 0.06530417927264462, 0.6016732511844042, -0.4581681021245193], [-0.6575988469369946, -0.544394026989203, -0.4384496861967932, 0.2809995953013962], [-0.33886483811936124, 0.7812891351678374, -0.5170463236721936, -0.08614527225623847], [-0.17008152403816099, 0.2982579333675782, 0.4223911346846566, 0.8388684102432074]], "target": [-0.505882882551844, 0.5493105341023897, -0.6419149889223171, -0.17402756466159694], "inputs": [1, 1, 1, 1], "outputs": [1, 1, 1, 1], "time_start": null, "time_complete": null, "actions": null, "score": null}, {"designers": [2], "num_inputs": [4], "num_outputs": [4], "coupling": [[-0.600494927080687, 0.4170829676772185, -0.47173009632523344, -0.4928674840612951], [-0.4305593292184726, 0.5444267256058293, 0.56982124372134, 0.4399113031884035], [-0.5570645940014477, -0.6561268152131072, 0.423771064961309, -0.28212537101413837], [-0.3790825037947564, -0.3148633685870509, -0.5226782479943175, 0.6956759040762477]], "target": [0.3725733571937673, 0.3927255706401287, 0.4859789097847865, -0.6861342572114741], "inputs": [2, 2, 2, 2], "outputs": [2, 2, 2, 2], "time_start": null, "time_complete": null, "actions": null, "score": null}, {"designers": [3], "num_inputs": [4], "num_outputs": [4], "coupling": [[-0.7171121617341027, 0.39579827773832954, 0.3911656270189404, 0.4196228343063492], [-0.5790662931012246, -0.5425853279684675, 0.12604662146308557, -0.5953113801071663], [-0.2537807733478642, 0.6083735354365712, -0.611840887254083, -0.437181528822414], [-0.2933047813555197, -0.42287885569407463, -0.6758346174477574, 0.5276299351819456]], "target": [-0.32482834366848023, 0.8602105724431387, 0.16422738449225602, 0.3571465866972155], "inputs": [3, 3, 3, 3], "outputs": [3, 3, 3, 3], "time_start": null, "time_complete": null, "actions": null, "score": null}], "max_time": 600000}]}