{"name": "experiment010", "num_designers": 4, "error_tol": 0.05, "training": [{"name": "Training Task 1/5 (Individual)", "assignments": [[0], [1], [2], [3]], "tasks": [{"designers": [0], "num_inputs": [1], "num_outputs": [1], "coupling": [[1.0]], "target": [1.0], "inputs": [0], "outputs": [0], "time_start": null, "time_complete": null, "actions": null}, {"designers": [1], "num_inputs": [1], "num_outputs": [1], "coupling": [[1.0]], "target": [-1.0], "inputs": [1], "outputs": [1], "time_start": null, "time_complete": null, "actions": null}, {"designers": [2], "num_inputs": [1], "num_outputs": [1], "coupling": [[1.0]], "target": [1.0], "inputs": [2], "outputs": [2], "time_start": null, "time_complete": null, "actions": null}, {"designers": [3], "num_inputs": [1], "num_outputs": [1], "coupling": [[1.0]], "target": [1.0], "inputs": [3], "outputs": [3], "time_start": null, "time_complete": null, "actions": null}]}, {"name": "Training Task 2/5 (Individual)", "assignments": [[0], [1], [2], [3]], "tasks": [{"designers": [0], "num_inputs": [2], "num_outputs": [2], "coupling": [[-0.6600952703068086, -0.7511818915007078], [-0.7511818915007078, 0.6600952703068086]], "target": [-0.24889727962506525, 0.9685298881269706], "inputs": [0, 0], "outputs": [0, 0], "time_start": null, "time_complete": null, "actions": null}, {"designers": [1], "num_inputs": [2], "num_outputs": [2], "coupling": [[-0.4886779721191814, -0.8724642339749434], [-0.8724642339749433, 0.48867797211918124]], "target": [0.2531067367875728, -0.9674383596864176], "inputs": [1, 1], "outputs": [1, 1], "time_start": null, "time_complete": null, "actions": null}, {"designers": [2], "num_inputs": [2], "num_outputs": [2], "coupling": [[-0.6926285617559804, -0.7212944443428376], [-0.7212944443428375, 0.6926285617559804]], "target": [-0.15681832362532, 0.9876274669000171], "inputs": [2, 2], "outputs": [2, 2], "time_start": null, "time_complete": null, "actions": null}, {"designers": [3], "num_inputs": [2], "num_outputs": [2], "coupling": [[-0.5568621398446675, -0.8306049344951055], [-0.8306049344951058, 0.5568621398446673]], "target": [-0.8661220378697594, -0.49983258748938586], "inputs": [3, 3], "outputs": [3, 3], "time_start": null, "time_complete": null, "actions": null}]}, {"name": "Training Task 3/5 (Pair)", "assignments": [[0, 1], [2, 3]], "tasks": [{"designers": [0, 1], "num_inputs": [1, 1], "num_outputs": [1, 1], "coupling": [[-0.780060354453048, -0.6257042779225547], [-0.6257042779225546, 0.7800603544530478]], "target": [-0.9955019994316667, -0.09474053582049426], "inputs": [0, 1], "outputs": [0, 1], "time_start": null, "time_complete": null, "actions": null}, {"designers": [2, 3], "num_inputs": [1, 1], "num_outputs": [1, 1], "coupling": [[-0.7432033323738514, -0.6690656221540625], [-0.6690656221540624, 0.7432033323738513]], "target": [0.9997851889148486, -0.02072621592332909], "inputs": [2, 3], "outputs": [2, 3], "time_start": null, "time_complete": null, "actions": null}]}, {"name": "Training Task 4/5 (Pair)", "assignments": [[0, 1], [2, 3]], "tasks": [{"designers": [0, 1], "num_inputs": [2, 1], "num_outputs": [2, 1], "coupling": [[-0.7661886013261027, -0.36772835677586085, 0.5270017863545401], [-0.48304849893169094, 0.8704333784102841, -0.0949203952219964], [-0.4238150243653369, -0.32729434668534235, -0.8445467635069264]], "target": [0.7204300195976945, 0.5085976660620589, -0.4714965545353345], "inputs": [0, 0, 1], "outputs": [0, 0, 1], "time_start": null, "time_complete": null, "actions": null}, {"designers": [2, 3], "num_inputs": [2, 1], "num_outputs": [2, 1], "coupling": [[-0.4897214292806006, -0.01807708615658884, -0.8716915398576798], [-0.680745114268193, -0.6167447632620882, 0.39523662075872484], [-0.5447559188327844, 0.7869555997290306, 0.2897272388847323]], "target": [-0.18864380290634175, -0.9809549025239097, -0.04627088543933145], "inputs": [2, 2, 3], "outputs": [2, 2, 3], "time_start": null, "time_complete": null, "actions": null}]}, {"name": "Training Task 5/5 (Pair)", "assignments": [[1, 0], [3, 2]], "tasks": [{"designers": [1, 0], "num_inputs": [2, 1], "num_outputs": [2, 1], "coupling": [[-0.6674273830333521, 0.7316740225385882, 0.13854173782457085], [-0.23637534025561677, -0.03173472396807915, -0.9711434527471781], [-0.7061638527256209, -0.6809155836349104, 0.1941303198030554]], "target": [-0.33528986530452887, 0.7855991478282951, 0.520014120150143], "inputs": [1, 1, 0], "outputs": [1, 1, 0], "time_start": null, "time_complete": null, "actions": null}, {"designers": [3, 2], "num_inputs": [2, 1], "num_outputs": [2, 1], "coupling": [[-0.40616580017717063, 0.8495813921599471, 0.3365127053500437], [-0.7107233924371498, -0.06223368817097709, -0.7007133704299262], [-0.5743706139846185, -0.5237732583400995, 0.6290945649413353]], "target": [0.6134747292261404, 0.6545615525420082, -0.44181209867398286], "inputs": [3, 3, 2], "outputs": [3, 3, 2], "time_start": null, "time_complete": null, "actions": null}]}], "rounds": [{"name": "Arrogant Flame (Individual)", "assignments": [[0], [1], [2], [3]], "tasks": [{"designers": [0], "num_inputs": [4], "num_outputs": [4], "coupling": [[-0.44082647374356354, -0.6434247195786509, 0.6077526363863289, -0.14937664893622435], [-0.466851294385772, -0.43109375495610974, -0.7467529013349115, 0.1963877483858472], [-0.5709078377626083, 0.46422589014902377, -0.08766554316691595, -0.6714710092310907], [-0.5116503979851551, 0.42971749741931875, 0.25556132308040697, 0.6987454134366121]], "target": [-0.4277114769237207, 0.15896723144236016, 0.8747625341693677, 0.16304238911665325], "inputs": [0, 0, 0, 0], "outputs": [0, 0, 0, 0], "time_start": null, "time_complete": null, "actions": null}, {"designers": [1], "num_inputs": [4], "num_outputs": [4], "coupling": [[-0.5983311587250915, -0.1334979339013474, 0.6585881638364395, 0.43639403822383804], [-0.4779950553657987, -0.7148197429934048, -0.4940017100372495, -0.12851370570084353], [-0.3730319977611987, 0.21441863513046974, 0.27440510722565614, -0.8599846595629205], [-0.5238011838387021, 0.65210097805455, -0.4969162686643466, 0.23123766165176635]], "target": [0.15536870617838128, 0.2149674489252393, -0.5596947951653398, 0.7851059147069639], "inputs": [1, 1, 1, 1], "outputs": [1, 1, 1, 1], "time_start": null, "time_complete": null, "actions": null}, {"designers": [2], "num_inputs": [4], "num_outputs": [4], "coupling": [[-0.6131608602203716, 0.511255356723178, 0.4642136223364802, -0.38361104331459844], [-0.43689749477086703, -0.4996380334346189, 0.4603610346547136, 0.5895338263239598], [-0.5230097145915424, -0.5302425646020075, -0.48532365135069394, -0.4580006709239518], [-0.39951868166536075, 0.4558756611749846, -0.5805466252149919, 0.5436247055645346]], "target": [0.6606342672300616, -0.6362844139921653, 0.23436069467213888, 0.32214837305943234], "inputs": [2, 2, 2, 2], "outputs": [2, 2, 2, 2], "time_start": null, "time_complete": null, "actions": null}, {"designers": [3], "num_inputs": [4], "num_outputs": [4], "coupling": [[-0.22045157712488148, 0.5393292166236227, -0.11681458076925487, -0.804288164751294], [-0.6677973376554307, -0.6196103158474583, -0.3718724038498166, -0.17843959081630392], [-0.4019798086420894, 0.5573249014388049, -0.47182586968077495, 0.5524323817267375], [-0.5863958146231434, 0.12081393474176834, 0.7908511981875238, 0.12687917122218784]], "target": [-0.35095206274136315, 0.12872902511523063, -0.8994633367580713, 0.22633425188976786], "inputs": [3, 3, 3, 3], "outputs": [3, 3, 3, 3], "time_start": null, "time_complete": null, "actions": null}]}, {"name": "Chemical Rhythm (Pair)", "assignments": [[0, 1], [2, 3]], "tasks": [{"designers": [0, 1], "num_inputs": [2, 2], "num_outputs": [2, 2], "coupling": [[-0.6967230973049715, 0.32314876684913363, 0.5573807168264647, 0.3154021824205846], [-0.5104225020307416, -0.7786091437307108, 0.01963399128833287, -0.36448755411631933], [-0.38253033228793154, 0.5298632034594102, -0.43474086716115884, -0.6196094809792535], [-0.3282016757759308, -0.09266963581748547, -0.7070655000182585, 0.6194791177265425]], "target": [-0.003761340606774688, -0.11349667936542199, 0.9850941506174151, 0.12920476194481392], "inputs": [0, 0, 1, 1], "outputs": [0, 0, 1, 1], "time_start": null, "time_complete": null, "actions": null}, {"designers": [2, 3], "num_inputs": [2, 2], "num_outputs": [2, 2], "coupling": [[-0.41259722037681384, 0.5920214475124376, 0.23891403640981168, -0.6497647440643237], [-0.6730608447999947, -0.6762886476088303, 0.2876229028492575, -0.08304113480139208], [-0.5477707096298895, 0.1838627427655948, -0.7839421057882323, 0.22710463726351296], [-0.2769474365398809, 0.39791803505673085, 0.4956086396898764, 0.7206479244647341]], "target": [-0.22600289603788926, -0.5809167398647985, -0.4066937579010431, 0.6678762008124475], "inputs": [2, 2, 3, 3], "outputs": [2, 2, 3, 3], "time_start": null, "time_complete": null, "actions": null}]}, {"name": "Absorbed Copper (Pair)", "assignments": [[1, 0], [3, 2]], "tasks": [{"designers": [1, 0], "num_inputs": [2, 1], "num_outputs": [2, 1], "coupling": [[-0.39455730574428877, 0.8551437766652343, -0.33623452189584463], [-0.31007018970867634, -0.46836610597575995, -0.8273389077198824], [-0.8649745718446483, -0.222176308376529, 0.44995186193452325]], "target": [-0.058838041357090365, 0.6777154784692959, 0.7329664488449623], "inputs": [1, 1, 0], "outputs": [1, 1, 0], "time_start": null, "time_complete": null, "actions": null}, {"designers": [3, 2], "num_inputs": [2, 1], "num_outputs": [2, 1], "coupling": [[-0.4773741258295687, 0.20391891913647117, -0.8547110730572459], [-0.40019694138537293, -0.9164161803720847, 0.004877751329403209], [-0.7822763911139382, 0.3443812694826078, 0.5190811007302233]], "target": [0.1450963391653144, -0.8029586949294469, -0.5781041312756926], "inputs": [3, 3, 2], "outputs": [3, 3, 2], "time_start": null, "time_complete": null, "actions": null}]}, {"name": "Impolite Heat (Individual)", "assignments": [[0], [1], [2], [3]], "tasks": [{"designers": [0], "num_inputs": [4], "num_outputs": [4], "coupling": [[-0.3240685755001335, 0.9307952357715248, 0.06906005676746099, 0.15437129266032798], [-0.5426995184688664, -0.11789054355393724, 0.5102193043206239, -0.6567003227445503], [-0.687569016385444, -0.1982750985383439, -0.6956477872221055, 0.06332447504205162], [-0.3573592572380453, -0.2835648675439164, 0.5009801654665004, 0.7354618963414976]], "target": [-0.5886991579702068, -0.07970523663630982, -0.6165821433173543, 0.5166302712773391], "inputs": [0, 0, 0, 0], "outputs": [0, 0, 0, 0], "time_start": null, "time_complete": null, "actions": null}, {"designers": [1], "num_inputs": [4], "num_outputs": [4], "coupling": [[-0.6880326982363234, 0.5116619510163067, -0.4721822939577704, -0.20458967547901316], [-0.5366801855192666, -0.8289042311396396, -0.05159289264594482, -0.14909838194370778], [-0.1329994535232701, -0.0661523877337539, -0.28781500345768857, 0.9460959416170671], [-0.469996308486738, 0.21620287943991784, 0.831591593563723, 0.20202773682065298]], "target": [-0.371639410680197, 0.5534907183802437, -0.2934625298312962, -0.6851364219490987], "inputs": [1, 1, 1, 1], "outputs": [1, 1, 1, 1], "time_start": null, "time_complete": null, "actions": null}, {"designers": [2], "num_inputs": [4], "num_outputs": [4], "coupling": [[-0.5881217592880428, 0.011540494132932169, -0.37812603660577504, -0.714842859436893], [-0.41233699364575915, -0.8218205786527966, -0.10173524216637407, 0.37978820502394317], [-0.41293529696764986, 0.5335132089175918, -0.44901647396162087, 0.5858603097494877], [-0.5599780713932946, 0.19960312975603392, 0.8031530657684313, 0.03909351732719753]], "target": [0.8396573835996455, -0.22924593407752225, 0.46027843022693, 0.17483005045859687], "inputs": [2, 2, 2, 2], "outputs": [2, 2, 2, 2], "time_start": null, "time_complete": null, "actions": null}, {"designers": [3], "num_inputs": [4], "num_outputs": [4], "coupling": [[-0.3004897848121627, 0.8191122407326417, 0.48066956592651433, -0.08785098006002816], [-0.40989536364469775, 0.16175385019060737, -0.3835554140218307, 0.8116074957672814], [-0.6774137314199574, -0.5409119850734733, 0.4985210432520721, 0.0012768408006725185], [-0.531791610097237, 0.10151380908201657, -0.6109981851048527, -0.5775585232635949]], "target": [0.7977106513015846, -0.4048364202128329, 0.41946366419623027, -0.15432246786625953], "inputs": [3, 3, 3, 3], "outputs": [3, 3, 3, 3], "time_start": null, "time_complete": null, "actions": null}]}, {"name": "Unwritten Experience (Individual)", "assignments": [[0], [1], [2], [3]], "tasks": [{"designers": [0], "num_inputs": [3], "num_outputs": [3], "coupling": [[-0.7698196120962787, 0.43964741683037906, -0.46269635151609834], [-0.5469875452226269, -0.8280112682068376, 0.12329624930965428], [-0.3289109152996573, 0.3480050123157404, 0.8779009745978544]], "target": [-0.5463599430197481, -0.018187227003266183, -0.8373529945234501], "inputs": [0, 0, 0], "outputs": [0, 0, 0], "time_start": null, "time_complete": null, "actions": null}, {"designers": [1], "num_inputs": [3], "num_outputs": [3], "coupling": [[-0.26018756651409874, 0.049371106025100815, -0.964295039975489], [-0.695902362725032, -0.7019022395603394, 0.1518326303990634], [-0.6693447032622204, 0.710560159303939, 0.2169837049752163]], "target": [-0.58742736323584, -0.7711836606933712, 0.24536677525973252], "inputs": [1, 1, 1], "outputs": [1, 1, 1], "time_start": null, "time_complete": null, "actions": null}, {"designers": [2], "num_inputs": [3], "num_outputs": [3], "coupling": [[-0.4581239251873193, -0.5944451272610058, -0.6608762818006181], [-0.5497178022844966, -0.39478961408601543, 0.7361735518621392], [-0.698521872973543, 0.7005541744115592, -0.14591450130837547]], "target": [0.48555668917693184, -0.4473399707275822, -0.7510803233909021], "inputs": [2, 2, 2], "outputs": [2, 2, 2], "time_start": null, "time_complete": null, "actions": null}, {"designers": [3], "num_inputs": [3], "num_outputs": [3], "coupling": [[-0.6281068256207205, 0.7543394729692399, -0.19092871740299105], [-0.6181790610925506, -0.6327635633612835, -0.46633134283368083], [-0.4725848749541127, -0.17487776417492526, 0.8637599802964854]], "target": [0.5311343046482513, -0.012583898200012539, 0.8471941902137371], "inputs": [3, 3, 3], "outputs": [3, 3, 3], "time_start": null, "time_complete": null, "actions": null}]}, {"name": "Husky Verse (Pair)", "assignments": [[0, 1], [2, 3]], "tasks": [{"designers": [0, 1], "num_inputs": [2, 2], "num_outputs": [2, 2], "coupling": [[-0.5923106961152332, -0.20962381346582576, -0.46727291727136977, -0.6219983254641741], [-0.5123020923354688, -0.6218922804777957, 0.17530207828023592, 0.5657435276001469], [-0.48896329066696037, 0.7141456524603187, -0.26575981946243465, 0.4245969922308189], [-0.38422585263920894, 0.24352378812386713, 0.8248011399692826, -0.3358120579831026]], "target": [-0.10076674609144987, 0.518676216262922, -0.22637224328396968, -0.8182766360075927], "inputs": [0, 0, 1, 1], "outputs": [0, 0, 1, 1], "time_start": null, "time_complete": null, "actions": null}, {"designers": [2, 3], "num_inputs": [2, 2], "num_outputs": [2, 2], "coupling": [[-0.2545834070898161, -0.2085677005236932, 0.15412379647615307, -0.9316290348054731], [-0.6062743087839193, -0.42611027652015354, -0.6538206980482444, 0.1529051652371665], [-0.554973744718758, 0.8301297245950539, -0.03577917991401586, -0.040107771083170804], [-0.5095320343373527, -0.29294058593154676, 0.7399217529226749, 0.327228847521054]], "target": [0.035068899448033264, -0.19580139460571588, 0.028179203255455167, -0.9796111058301904], "inputs": [2, 2, 3, 3], "outputs": [2, 2, 3, 3], "time_start": null, "time_complete": null, "actions": null}]}, {"name": "Chief Government (Pair)", "assignments": [[0, 1], [2, 3]], "tasks": [{"designers": [0, 1], "num_inputs": [2, 2], "num_outputs": [2, 2], "coupling": [[-0.48210968900937107, -0.4731116636903764, -0.4988777617809144, -0.5430069799218761], [-0.5598649777082539, -0.36364043615358754, 0.08024368335910828, 0.7401876729659367], [-0.46607553743453717, 0.7921132369015214, -0.38622477332814714, 0.07848973052650443], [-0.48671865374580753, 0.12840407625752046, 0.7716944696893001, -0.38872225399026455]], "target": [0.001391423495332278, -0.33182787971098554, 0.337932077109763, 0.8807327820896921], "inputs": [0, 0, 1, 1], "outputs": [0, 0, 1, 1], "time_start": null, "time_complete": null, "actions": null}, {"designers": [2, 3], "num_inputs": [2, 2], "num_outputs": [2, 2], "coupling": [[-0.628707411869772, 0.6155434775746402, -0.30608027423129347, 0.3635217781671788], [-0.5438959825425728, -0.4254442067133286, -0.42955216869025914, -0.5819444316441312], [-0.4558174028028695, -0.5737358664568897, 0.4191431261978651, 0.536075265801444], [-0.3180167381382759, 0.33306247121275473, 0.7389985384701866, -0.4917478059660991]], "target": [0.13752513833619773, -0.6942983175004156, -0.6028534339317995, -0.3682450540582177], "inputs": [2, 2, 3, 3], "outputs": [2, 2, 3, 3], "time_start": null, "time_complete": null, "actions": null}]}, {"name": "Towering Test (Pair)", "assignments": [[0, 1], [2, 3]], "tasks": [{"designers": [0, 1], "num_inputs": [1, 1], "num_outputs": [1, 1], "coupling": [[-0.8111003051713153, -0.5849070823224827], [-0.5849070823224826, 0.8111003051713152]], "target": [0.194592869768337, 0.9808840986759461], "inputs": [0, 1], "outputs": [0, 1], "time_start": null, "time_complete": null, "actions": null}, {"designers": [2, 3], "num_inputs": [1, 1], "num_outputs": [1, 1], "coupling": [[-0.8812637004065862, -0.4726248939123824], [-0.4726248939123824, 0.8812637004065862]], "target": [0.9785536640260826, -0.20599205475243038], "inputs": [2, 3], "outputs": [2, 3], "time_start": null, "time_complete": null, "actions": null}]}, {"name": "Thinkable Ink (Pair)", "assignments": [[0, 1], [2, 3]], "tasks": [{"designers": [0, 1], "num_inputs": [1, 1], "num_outputs": [1, 1], "coupling": [[-0.9301505704223578, -0.36717831682026436], [-0.3671783168202643, 0.9301505704223578]], "target": [-0.08750526541816184, 0.9961640570328248], "inputs": [0, 1], "outputs": [0, 1], "time_start": null, "time_complete": null, "actions": null}, {"designers": [2, 3], "num_inputs": [1, 1], "num_outputs": [1, 1], "coupling": [[-0.15430565529387658, -0.9880231600242613], [-0.988023160024261, 0.15430565529387666]], "target": [0.8612581540779634, -0.5081676810209591], "inputs": [2, 3], "outputs": [2, 3], "time_start": null, "time_complete": null, "actions": null}]}, {"name": "Economic Motion (Individual)", "assignments": [[0], [1], [2], [3]], "tasks": [{"designers": [0], "num_inputs": [2], "num_outputs": [2], "coupling": [[-0.6613749959262206, -0.7500554077957112], [-0.7500554077957114, 0.6613749959262208]], "target": [0.3828560341606122, 0.923808019615985], "inputs": [0, 0], "outputs": [0, 0], "time_start": null, "time_complete": null, "actions": null}, {"designers": [1], "num_inputs": [2], "num_outputs": [2], "coupling": [[-0.7717306301309389, -0.6359495534377738], [-0.6359495534377739, 0.7717306301309388]], "target": [-0.972787069200941, -0.23170092359644107], "inputs": [1, 1], "outputs": [1, 1], "time_start": null, "time_complete": null, "actions": null}, {"designers": [2], "num_inputs": [2], "num_outputs": [2], "coupling": [[-0.7726490652125415, -0.6348333813105494], [-0.6348333813105494, 0.7726490652125416]], "target": [-0.08538597195249942, -0.9963479491591914], "inputs": [2, 2], "outputs": [2, 2], "time_start": null, "time_complete": null, "actions": null}, {"designers": [3], "num_inputs": [2], "num_outputs": [2], "coupling": [[-0.0915958803791373, -0.9957962616406888], [-0.995796261640689, 0.09159588037913706]], "target": [-0.9261796602462389, -0.37708253333476127], "inputs": [3, 3], "outputs": [3, 3], "time_start": null, "time_complete": null, "actions": null}]}, {"name": "Noiseless Stone (Individual)", "assignments": [[0], [1], [2], [3]], "tasks": [{"designers": [0], "num_inputs": [3], "num_outputs": [3], "coupling": [[-0.5412303963232846, 0.8403318824235623, 0.030199097307924676], [-0.5732040911606672, -0.34242934822647986, -0.7444321401913422], [-0.6152290044954106, -0.42021954839781256, 0.6670148447912719]], "target": [0.8139135120226328, 0.34423933555693614, -0.46802144694693537], "inputs": [0, 0, 0], "outputs": [0, 0, 0], "time_start": null, "time_complete": null, "actions": null}, {"designers": [1], "num_inputs": [3], "num_outputs": [3], "coupling": [[-0.6429672043293573, -0.011816997064779448, -0.7658025416106043], [-0.34316042171534283, -0.8894560998594155, 0.3018422955634721], [-0.6847146114440957, 0.45686782005657767, 0.567835976204143]], "target": [0.736735137684827, -0.1525491310832633, 0.6587488895673831], "inputs": [1, 1, 1], "outputs": [1, 1, 1], "time_start": null, "time_complete": null, "actions": null}, {"designers": [2], "num_inputs": [3], "num_outputs": [3], "coupling": [[-0.448199227691756, -0.8019184906094006, 0.39502428623472596], [-0.5129770239247089, 0.5926181822499927, 0.6210138991939419], [-0.7321011031420881, 0.07569956727389862, -0.6769767723435438]], "target": [0.13425625789118723, -0.9467823882131915, 0.2925378036876267], "inputs": [2, 2, 2], "outputs": [2, 2, 2], "time_start": null, "time_complete": null, "actions": null}, {"designers": [3], "num_inputs": [3], "num_outputs": [3], "coupling": [[-0.48172528131011627, 0.3828291504052816, -0.7882782471606453], [-0.5874991564842863, -0.8085254558204744, -0.03363522588812883], [-0.6502195740493676, 0.4469098666289027, 0.6143989555922071]], "target": [-0.7518128849402039, -0.5067862766453409, 0.42183534209669943], "inputs": [3, 3, 3], "outputs": [3, 3, 3], "time_start": null, "time_complete": null, "actions": null}]}, {"name": "Staking System (Pair)", "assignments": [[0, 1], [2, 3]], "tasks": [{"designers": [0, 1], "num_inputs": [1, 1], "num_outputs": [1, 1], "coupling": [[-0.4640220337204065, -0.8858236575199251], [-0.885823657519925, 0.46402203372040657]], "target": [-0.8485096617641035, -0.5291798880276601], "inputs": [0, 1], "outputs": [0, 1], "time_start": null, "time_complete": null, "actions": null}, {"designers": [2, 3], "num_inputs": [1, 1], "num_outputs": [1, 1], "coupling": [[-0.5390762079643723, -0.8422569928512036], [-0.8422569928512034, 0.5390762079643725]], "target": [0.9972847697879119, 0.07364161832192247], "inputs": [2, 3], "outputs": [2, 3], "time_start": null, "time_complete": null, "actions": null}]}, {"name": "Flat Sleep (Individual)", "assignments": [[0], [1], [2], [3]], "tasks": [{"designers": [0], "num_inputs": [2], "num_outputs": [2], "coupling": [[-0.6779574250245453, -0.7351011698086789], [-0.7351011698086791, 0.6779574250245451]], "target": [-0.30780366346548615, -0.9514498960834595], "inputs": [0, 0], "outputs": [0, 0], "time_start": null, "time_complete": null, "actions": null}, {"designers": [1], "num_inputs": [2], "num_outputs": [2], "coupling": [[-0.36918653210315505, -0.9293553166112762], [-0.9293553166112762, 0.36918653210315533]], "target": [0.6990878670943876, -0.7150357711900993], "inputs": [1, 1], "outputs": [1, 1], "time_start": null, "time_complete": null, "actions": null}, {"designers": [2], "num_inputs": [2], "num_outputs": [2], "coupling": [[-0.6283821371327163, -0.7779048076291343], [-0.7779048076291343, 0.6283821371327163]], "target": [0.22998584507768505, 0.9731939740174632], "inputs": [2, 2], "outputs": [2, 2], "time_start": null, "time_complete": null, "actions": null}, {"designers": [3], "num_inputs": [2], "num_outputs": [2], "coupling": [[-0.6314471809120243, -0.7754188917728643], [-0.7754188917728643, 0.6314471809120245]], "target": [0.8232740679609261, 0.5676440865745619], "inputs": [3, 3], "outputs": [3, 3], "time_start": null, "time_complete": null, "actions": null}]}, {"name": "Better Behavior (Pair)", "assignments": [[0, 1], [2, 3]], "tasks": [{"designers": [0, 1], "num_inputs": [2, 1], "num_outputs": [2, 1], "coupling": [[-0.6458668816968552, 0.4276836928782522, -0.6324101754187709], [-0.5942020614131752, -0.8017119435533432, 0.06466737799118312], [-0.47935360782987047, 0.41754594766317876, 0.77192972494298]], "target": [0.9516775774199313, -0.27907732633461096, 0.12816253181821718], "inputs": [0, 0, 1], "outputs": [0, 0, 1], "time_start": null, "time_complete": null, "actions": null}, {"designers": [2, 3], "num_inputs": [2, 1], "num_outputs": [2, 1], "coupling": [[-0.6792933900803056, 0.461565268932169, -0.5705418413304855], [-0.6146624149651365, -0.7825891471334054, 0.09871343585468029], [-0.40093715944326364, 0.4177460105190524, 0.8153144576621849]], "target": [0.29856430336132744, -0.9287712261549789, -0.21964372566714194], "inputs": [2, 2, 3], "outputs": [2, 2, 3], "time_start": null, "time_complete": null, "actions": null}]}, {"name": "Hallowed Sign (Pair)", "assignments": [[1, 0], [3, 2]], "tasks": [{"designers": [1, 0], "num_inputs": [2, 1], "num_outputs": [2, 1], "coupling": [[-0.4692262782863857, 0.4223170561998378, 0.7755481956707851], [-0.5801757432691914, 0.514668355920867, -0.6312785362546022], [-0.6657498078764642, -0.7461667289932021, 0.003522194775476479]], "target": [-0.3224512410183795, -0.7545403135365979, 0.5715716161722862], "inputs": [1, 1, 0], "outputs": [1, 1, 0], "time_start": null, "time_complete": null, "actions": null}, {"designers": [3, 2], "num_inputs": [2, 1], "num_outputs": [2, 1], "coupling": [[-0.697967710129898, -0.014313491439368256, -0.7159861727567385], [-0.4565170062808312, -0.7614210714195384, 0.46025012218869715], [-0.5517547449659264, 0.6480995879964265, 0.5249129694020217]], "target": [-0.0567519545312678, 0.4260853766427254, -0.902901139365827], "inputs": [3, 3, 2], "outputs": [3, 3, 2], "time_start": null, "time_complete": null, "actions": null}]}]}