{"name": "experiment010", "num_designers": 4, "error_tol": 0.05, "training": [{"name": "Training Task 1/5 (Individual)", "assignments": [[0], [1], [2], [3]], "tasks": [{"designers": [0], "num_inputs": [1], "num_outputs": [1], "coupling": [[1.0]], "target": [1.0], "inputs": [0], "outputs": [0], "time_start": null, "time_complete": null, "actions": null, "score": null}, {"designers": [1], "num_inputs": [1], "num_outputs": [1], "coupling": [[1.0]], "target": [-1.0], "inputs": [1], "outputs": [1], "time_start": null, "time_complete": null, "actions": null, "score": null}, {"designers": [2], "num_inputs": [1], "num_outputs": [1], "coupling": [[1.0]], "target": [-1.0], "inputs": [2], "outputs": [2], "time_start": null, "time_complete": null, "actions": null, "score": null}, {"designers": [3], "num_inputs": [1], "num_outputs": [1], "coupling": [[1.0]], "target": [-1.0], "inputs": [3], "outputs": [3], "time_start": null, "time_complete": null, "actions": null, "score": null}], "max_time": null}, {"name": "Training Task 2/5 (Individual)", "assignments": [[0], [1], [2], [3]], "tasks": [{"designers": [0], "num_inputs": [2], "num_outputs": [2], "coupling": [[-0.36918653210315505, -0.9293553166112762], [-0.9293553166112762, 0.36918653210315533]], "target": [0.6990878670943876, -0.7150357711900993], "inputs": [0, 0], "outputs": [0, 0], "time_start": null, "time_complete": null, "actions": null, "score": null}, {"designers": [1], "num_inputs": [2], "num_outputs": [2], "coupling": [[-0.6283821371327163, -0.7779048076291343], [-0.7779048076291343, 0.6283821371327163]], "target": [0.22998584507768505, 0.9731939740174632], "inputs": [1, 1], "outputs": [1, 1], "time_start": null, "time_complete": null, "actions": null, "score": null}, {"designers": [2], "num_inputs": [2], "num_outputs": [2], "coupling": [[-0.6314471809120243, -0.7754188917728643], [-0.7754188917728643, 0.6314471809120245]], "target": [0.8232740679609261, 0.5676440865745619], "inputs": [2, 2], "outputs": [2, 2], "time_start": null, "time_complete": null, "actions": null, "score": null}, {"designers": [3], "num_inputs": [2], "num_outputs": [2], "coupling": [[-0.6613749959262206, -0.7500554077957112], [-0.7500554077957114, 0.6613749959262208]], "target": [0.3828560341606122, 0.923808019615985], "inputs": [3, 3], "outputs": [3, 3], "time_start": null, "time_complete": null, "actions": null, "score": null}], "max_time": null}, {"name": "Training Task 3/5 (Pair)", "assignments": [[0, 1], [2, 3]], "tasks": [{"designers": [0, 1], "num_inputs": [1, 1], "num_outputs": [1, 1], "coupling": [[-1, 0], [0, -1]], "target": [-0.7744395734721343, -0.6326478855100195], "inputs": [0, 1], "outputs": [0, 1], "time_start": null, "time_complete": null, "actions": null, "score": null}, {"designers": [2, 3], "num_inputs": [1, 1], "num_outputs": [1, 1], "coupling": [[-1, 0], [0, -1]], "target": [0.8439079907137115, 0.5364879338899863], "inputs": [2, 3], "outputs": [2, 3], "time_start": null, "time_complete": null, "actions": null, "score": null}], "max_time": null}, {"name": "Training Task 4/5 (Pair)", "assignments": [[0, 1], [2, 3]], "tasks": [{"designers": [0, 1], "num_inputs": [1, 1], "num_outputs": [1, 1], "coupling": [[-0.5891435058677927, -0.8080284212166094], [-0.8080284212166093, 0.5891435058677925]], "target": [-0.32341388133502846, -0.9462576083497622], "inputs": [0, 1], "outputs": [0, 1], "time_start": null, "time_complete": null, "actions": null, "score": null}, {"designers": [2, 3], "num_inputs": [1, 1], "num_outputs": [1, 1], "coupling": [[-0.6636858052752423, -0.7480114650699901], [-0.7480114650699901, 0.6636858052752426]], "target": [-0.08538597195249942, -0.9963479491591914], "inputs": [2, 3], "outputs": [2, 3], "time_start": null, "time_complete": null, "actions": null, "score": null}], "max_time": null}, {"name": "Training Task 5/5 (Pair)", "assignments": [[0, 1], [2, 3]], "tasks": [{"designers": [0, 1], "num_inputs": [2, 1], "num_outputs": [2, 1], "coupling": [[-0.5207254613115745, 0.8255748541487856, 0.21741930489048025], [-0.28561800752077987, 0.07152910267841922, -0.9556704145519417], [-0.8045292708918105, -0.5597407861387549, 0.19855201991181187]], "target": [-0.591205859145483, -0.5862738686566823, -0.5538579087115926], "inputs": [0, 0, 1], "outputs": [0, 0, 1], "time_start": null, "time_complete": null, "actions": null, "score": null}, {"designers": [2, 3], "num_inputs": [2, 1], "num_outputs": [2, 1], "coupling": [[-0.5517186977616688, 0.7782527381417402, 0.29988190027917944], [-0.5427168821700189, -0.06198284474873757, -0.8376255206024391], [-0.6332968216782883, -0.6248846313774548, 0.4565679939729027]], "target": [-0.58742736323584, -0.7711836606933712, 0.24536677525973252], "inputs": [2, 2, 3], "outputs": [2, 2, 3], "time_start": null, "time_complete": null, "actions": null, "score": null}], "max_time": null}], "rounds": [{"name": "Unwritten Experience (Individual)", "assignments": [[0], [1], [2], [3]], "tasks": [{"designers": [0], "num_inputs": [3], "num_outputs": [3], "coupling": [[-0.7024011842670457, 0.14835020060478118, -0.6961499797606638], [-0.48248267667768513, -0.818286772327624, 0.3124375536640477], [-0.5233001462317661, 0.5553368133071672, 0.6463419998264481]], "target": [0.850984024646769, 0.5142825331636701, -0.10648786728423898], "inputs": [0, 0, 0], "outputs": [0, 0, 0], "time_start": null, "time_complete": null, "actions": null, "score": null}, {"designers": [1], "num_inputs": [3], "num_outputs": [3], "coupling": [[-0.6132177458762507, 0.4529430180244723, -0.6471527011187798], [-0.37270773542911423, -0.8882481738625453, -0.2685221137656179], [-0.6964574215942791, 0.0765362923895364, 0.7135049094810153]], "target": [-0.29870822738993685, 0.13398817129695467, -0.944891827058558], "inputs": [1, 1, 1], "outputs": [1, 1, 1], "time_start": null, "time_complete": null, "actions": null, "score": null}, {"designers": [2], "num_inputs": [3], "num_outputs": [3], "coupling": [[-0.5720856386701493, 0.4566600393288884, -0.6813072952108367], [-0.4364368107255452, -0.8727915894445053, -0.21853546997832882], [-0.6944356934022633, 0.17232657913123148, 0.6986147850237963]], "target": [-0.5773155767499267, 0.16448702702598553, -0.7997816844502329], "inputs": [2, 2, 2], "outputs": [2, 2, 2], "time_start": null, "time_complete": null, "actions": null, "score": null}, {"designers": [3], "num_inputs": [3], "num_outputs": [3], "coupling": [[-0.5905976470188707, 0.7881935441040571, -0.17304726628426953], [-0.32290235549552615, -0.4273519113605627, -0.8444550980791781], [-0.7395461365940696, -0.44285582404340007, 0.5069025852761323]], "target": [0.47841411101155606, -0.7959721337869183, 0.37087504717859204], "inputs": [3, 3, 3], "outputs": [3, 3, 3], "time_start": null, "time_complete": null, "actions": null, "score": null}], "max_time": 240000}, {"name": "Hallowed Sign (Pair)", "assignments": [[1, 0], [3, 2]], "tasks": [{"designers": [1, 0], "num_inputs": [2, 1], "num_outputs": [2, 1], "coupling": [[-0.7495867526724868, 0.6618979299074286, -0.003290988024386587], [-0.5013041556431601, -0.5709500081681963, -0.6501616965860376], [-0.43221967071480505, -0.4857028088831655, 0.7597887454353272]], "target": [0.7983563052092422, 0.3901036655402742, -0.4587443079370999], "inputs": [1, 1, 0], "outputs": [1, 1, 0], "time_start": null, "time_complete": null, "actions": null, "score": null}, {"designers": [3, 2], "num_inputs": [2, 1], "num_outputs": [2, 1], "coupling": [[-0.592014650681499, 0.5604628895258713, -0.5791372918771275], [-0.7512659160503357, -0.6439155076458914, 0.14481830821475625], [-0.2917501958174369, 0.5208206682510254, 0.8022640804392542]], "target": [0.14451104030532225, 0.24492223692604367, 0.958712499704169], "inputs": [3, 3, 2], "outputs": [3, 3, 2], "time_start": null, "time_complete": null, "actions": null, "score": null}], "max_time": 600000}, {"name": "Flat Sleep (Individual)", "assignments": [[0], [1], [2], [3]], "tasks": [{"designers": [0], "num_inputs": [2], "num_outputs": [2], "coupling": [[-0.674570451837302, -0.7382104750733478], [-0.7382104750733478, 0.6745704518373022]], "target": [-0.46884834885707805, -0.8832786795649443], "inputs": [0, 0], "outputs": [0, 0], "time_start": null, "time_complete": null, "actions": null, "score": null}, {"designers": [1], "num_inputs": [2], "num_outputs": [2], "coupling": [[-0.8666270949102293, -0.4989563892440457], [-0.4989563892440458, 0.8666270949102296]], "target": [-0.8194180132234783, 0.5731964057850394], "inputs": [1, 1], "outputs": [1, 1], "time_start": null, "time_complete": null, "actions": null, "score": null}, {"designers": [2], "num_inputs": [2], "num_outputs": [2], "coupling": [[0.5866293844767972, 0.8098555212310241], [0.8098555212310242, -0.5866293844767974]], "target": [0.047591665403841965, -0.9988668747055781], "inputs": [2, 2], "outputs": [2, 2], "time_start": null, "time_complete": null, "actions": null, "score": null}, {"designers": [3], "num_inputs": [2], "num_outputs": [2], "coupling": [[-0.8756529502801944, -0.48294089769410875], [-0.4829408976941088, 0.8756529502801943]], "target": [0.9997194508863243, -0.02368585061900193], "inputs": [3, 3], "outputs": [3, 3], "time_start": null, "time_complete": null, "actions": null, "score": null}], "max_time": 120000}, {"name": "Absorbed Copper (Pair)", "assignments": [[1, 0], [3, 2]], "tasks": [{"designers": [1, 0], "num_inputs": [2, 1], "num_outputs": [2, 1], "coupling": [[-0.4483543631440862, 0.7605312631342324, 0.46964940417838263], [-0.8018139807268764, -0.10997629440328115, -0.5873666273974397], [-0.39506038191722126, -0.6399198484691435, 0.6591129509990283]], "target": [-0.43460560617063604, -0.3584598144144694, -0.8262109467533088], "inputs": [1, 1, 0], "outputs": [1, 1, 0], "time_start": null, "time_complete": null, "actions": null, "score": null}, {"designers": [3, 2], "num_inputs": [2, 1], "num_outputs": [2, 1], "coupling": [[-0.6890870160788647, 0.481292119605552, 0.5417720737331538], [-0.5977080276295301, 0.04525484666015346, -0.8004355767711623], [-0.4097611474734325, -0.8753912807764086, 0.2564876362749186]], "target": [0.5744526785159627, 0.7809121671394487, -0.245316749039697], "inputs": [3, 3, 2], "outputs": [3, 3, 2], "time_start": null, "time_complete": null, "actions": null, "score": null}], "max_time": 600000}, {"name": "Thinkable Ink (Pair)", "assignments": [[0, 1], [2, 3]], "tasks": [{"designers": [0, 1], "num_inputs": [1, 1], "num_outputs": [1, 1], "coupling": [[-0.28468969174818004, -0.9586197261752579], [-0.9586197261752579, 0.2846896917481797]], "target": [0.6485719550455995, -0.7611533479715694], "inputs": [0, 1], "outputs": [0, 1], "time_start": null, "time_complete": null, "actions": null, "score": null}, {"designers": [2, 3], "num_inputs": [1, 1], "num_outputs": [1, 1], "coupling": [[-0.8341783036060776, -0.5514948393166399], [-0.55149483931664, 0.8341783036060775]], "target": [-0.5794420114377226, -0.8150134694475955], "inputs": [2, 3], "outputs": [2, 3], "time_start": null, "time_complete": null, "actions": null, "score": null}], "max_time": 180000}, {"name": "Staking System (Pair)", "assignments": [[0, 1], [2, 3]], "tasks": [{"designers": [0, 1], "num_inputs": [1, 1], "num_outputs": [1, 1], "coupling": [[-0.6050756009674386, -0.7961680206551208], [-0.7961680206551209, 0.6050756009674385]], "target": [-0.7913196762304713, -0.611402625125622], "inputs": [0, 1], "outputs": [0, 1], "time_start": null, "time_complete": null, "actions": null, "score": null}, {"designers": [2, 3], "num_inputs": [1, 1], "num_outputs": [1, 1], "coupling": [[-0.8759483419815841, -0.48240491516952166], [-0.48240491516952166, 0.8759483419815841]], "target": [-0.9642290443545307, 0.265070462373967], "inputs": [2, 3], "outputs": [2, 3], "time_start": null, "time_complete": null, "actions": null, "score": null}], "max_time": 180000}, {"name": "Noiseless Stone (Individual)", "assignments": [[0], [1], [2], [3]], "tasks": [{"designers": [0], "num_inputs": [3], "num_outputs": [3], "coupling": [[-0.5054893191288579, -0.6472255171017065, -0.5705958975133558], [-0.4620437454398902, -0.35544979221610357, 0.8125090907266248], [-0.7286948096058606, 0.6743549326771158, -0.1193704286141301]], "target": [0.5055430066079774, 0.6965301695134455, -0.5091875798046699], "inputs": [0, 0, 0], "outputs": [0, 0, 0], "time_start": null, "time_complete": null, "actions": null, "score": null}, {"designers": [1], "num_inputs": [3], "num_outputs": [3], "coupling": [[-0.6114249246985441, 0.47574846657367503, -0.6323155525607267], [-0.35146375836114296, -0.8792097264238228, -0.321657400848181], [-0.7089659991960408, 0.02556664848086748, 0.7047790848694474]], "target": [-0.18852517421535508, -0.6292121288567712, -0.754022781875057], "inputs": [1, 1, 1], "outputs": [1, 1, 1], "time_start": null, "time_complete": null, "actions": null, "score": null}, {"designers": [2], "num_inputs": [3], "num_outputs": [3], "coupling": [[-0.3505974825543912, 0.9362433734197362, -0.02301631930078765], [-0.662059988626213, -0.2651559255969638, -0.7009771084572423], [-0.6623880861600565, -0.23052262545886895, 0.7128122771563126]], "target": [-0.21955342136745126, 0.5338383980932089, 0.8165861007187931], "inputs": [2, 2, 2], "outputs": [2, 2, 2], "time_start": null, "time_complete": null, "actions": null, "score": null}, {"designers": [3], "num_inputs": [3], "num_outputs": [3], "coupling": [[-0.09499065867148641, -0.9748699857730021, 0.20150753237560104], [-0.1418391491536054, 0.21361197782012206, 0.9665669033745968], [-0.9853214858778522, 0.06323316986141408, -0.15856587179068243]], "target": [-0.28540484529044874, 0.7213005325893213, -0.6310860606693008], "inputs": [3, 3, 3], "outputs": [3, 3, 3], "time_start": null, "time_complete": null, "actions": null, "score": null}], "max_time": 240000}, {"name": "Economic Motion (Individual)", "assignments": [[0], [1], [2], [3]], "tasks": [{"designers": [0], "num_inputs": [2], "num_outputs": [2], "coupling": [[-0.7615348357065459, -0.6481239804276687], [-0.6481239804276687, 0.7615348357065457]], "target": [0.9660585784494369, 0.2583230980850406], "inputs": [0, 0], "outputs": [0, 0], "time_start": null, "time_complete": null, "actions": null, "score": null}, {"designers": [1], "num_inputs": [2], "num_outputs": [2], "coupling": [[-0.5395034393870642, -0.8419833958514436], [-0.8419833958514434, 0.5395034393870642]], "target": [-0.19808586272463158, -0.9801846718800691], "inputs": [1, 1], "outputs": [1, 1], "time_start": null, "time_complete": null, "actions": null, "score": null}, {"designers": [2], "num_inputs": [2], "num_outputs": [2], "coupling": [[-0.6892119175767696, -0.7245598199390799], [-0.72455981993908, 0.6892119175767696]], "target": [0.925355427056459, -0.37910069060496115], "inputs": [2, 2], "outputs": [2, 2], "time_start": null, "time_complete": null, "actions": null, "score": null}, {"designers": [3], "num_inputs": [2], "num_outputs": [2], "coupling": [[-0.6190127005318831, -0.7853809754381791], [-0.7853809754381791, 0.6190127005318827]], "target": [0.8762341496298092, 0.48188558291624023], "inputs": [3, 3], "outputs": [3, 3], "time_start": null, "time_complete": null, "actions": null, "score": null}], "max_time": 120000}, {"name": "Better Behavior (Pair)", "assignments": [[0, 1], [2, 3]], "tasks": [{"designers": [0, 1], "num_inputs": [2, 1], "num_outputs": [2, 1], "coupling": [[-0.580628826203959, 0.15346724383247734, -0.7995736184063829], [-0.6813865055827001, -0.6291239584243198, 0.3740527702695328], [-0.4456260721623121, 0.7620044947419786, 0.4698580145131208]], "target": [-0.810807305682272, -0.3643749744545276, 0.4580637412451644], "inputs": [0, 0, 1], "outputs": [0, 0, 1], "time_start": null, "time_complete": null, "actions": null, "score": null}, {"designers": [2, 3], "num_inputs": [2, 1], "num_outputs": [2, 1], "coupling": [[-0.8469391921010039, 0.5076164795338397, 0.15817558151930322], [-0.4463487142847128, -0.5171544147346877, -0.7302904467243198], [-0.28890626531746016, -0.6891130683901544, 0.6645723051965255]], "target": [0.8353640247624599, 0.5148881551841008, -0.19250229552859296], "inputs": [2, 2, 3], "outputs": [2, 2, 3], "time_start": null, "time_complete": null, "actions": null, "score": null}], "max_time": 600000}, {"name": "Impolite Heat (Individual)", "assignments": [[0], [1], [2], [3]], "tasks": [{"designers": [0], "num_inputs": [4], "num_outputs": [4], "coupling": [[-0.5438979096299252, -0.6971983508746027, -0.3229974721773652, 0.33728646045307753], [-0.4776000407741439, 0.05732575678178364, 0.8597375474613108, 0.1716487930255935], [-0.6143445636176903, 0.6819037226896781, -0.3948789929835577, 0.04072653969637803], [-0.3140923782999594, -0.2136247413786374, 0.02438366979219368, -0.9247247614356668]], "target": [0.6010931423211503, -0.5168176715343087, 0.47801859989209283, 0.3782654448949098], "inputs": [0, 0, 0, 0], "outputs": [0, 0, 0, 0], "time_start": null, "time_complete": null, "actions": null, "score": null}, {"designers": [1], "num_inputs": [4], "num_outputs": [4], "coupling": [[-0.4704999766559082, 0.20221085634472394, 0.08618566898974502, -0.8545832738849468], [-0.40635630157845526, -0.8897513399606345, 0.20510841753157485, 0.033876928187601504], [-0.6795471071340942, 0.1819550858823333, -0.6156407308280262, 0.3550979674016319], [-0.38951258942421024, 0.36653194858857974, 0.7559689531085366, 0.37741915065333964]], "target": [-0.7822951599144119, 0.009698375945507817, -0.28330032639180625, -0.5546721097592707], "inputs": [1, 1, 1, 1], "outputs": [1, 1, 1, 1], "time_start": null, "time_complete": null, "actions": null, "score": null}, {"designers": [2], "num_inputs": [4], "num_outputs": [4], "coupling": [[-0.45614556196678346, 0.3862843081892713, 0.1788089454748685, -0.7815004930023453], [-0.39993986962032385, -0.13260088943351475, -0.9060419005665, -0.03941039491509492], [-0.6345193147507521, 0.4182598507204805, 0.19186125508999477, 0.620993715973688], [-0.4789202085883636, -0.811332320719111, 0.33212150522256473, -0.045503900172600115]], "target": [-0.4331409855327697, 0.46564725966764586, 0.24651283289909803, 0.7312953845278766], "inputs": [2, 2, 2, 2], "outputs": [2, 2, 2, 2], "time_start": null, "time_complete": null, "actions": null, "score": null}, {"designers": [3], "num_inputs": [4], "num_outputs": [4], "coupling": [[-0.3021649671376194, 0.7344420616042013, 0.5046729788551358, 0.3385208637510766], [-0.6194683909097978, 0.3234712114699349, -0.49583357182137583, -0.5155330804794731], [-0.2908337848335658, -0.11725237147691711, -0.5313708359407773, 0.7869641832345494], [-0.6636045169359008, -0.5849898416893939, 0.4659391464343168, -0.017794438528591954]], "target": [0.9335177028023873, -0.192464698357982, 0.104581289511737, 0.2838393776849617], "inputs": [3, 3, 3, 3], "outputs": [3, 3, 3, 3], "time_start": null, "time_complete": null, "actions": null, "score": null}], "max_time": 600000}, {"name": "Towering Test (Pair)", "assignments": [[0, 1], [2, 3]], "tasks": [{"designers": [0, 1], "num_inputs": [1, 1], "num_outputs": [1, 1], "coupling": [[-0.470705208394995, -0.8822905455629821], [-0.882290545562982, 0.4707052083949949]], "target": [0.7320792970182093, 0.6812194234439625], "inputs": [0, 1], "outputs": [0, 1], "time_start": null, "time_complete": null, "actions": null, "score": null}, {"designers": [2, 3], "num_inputs": [1, 1], "num_outputs": [1, 1], "coupling": [[0.837467966366523, 0.5464864182300602], [0.5464864182300602, -0.837467966366523]], "target": [0.547327763252621, 0.836918347016531], "inputs": [2, 3], "outputs": [2, 3], "time_start": null, "time_complete": null, "actions": null, "score": null}], "max_time": 180000}, {"name": "Husky Verse (Pair)", "assignments": [[0, 1], [2, 3]], "tasks": [{"designers": [0, 1], "num_inputs": [2, 2], "num_outputs": [2, 2], "coupling": [[-0.3851247760868058, 0.19136770332279793, -0.2837801692709574, -0.8570449956085107], [-0.36929586898422223, -0.7017849247862986, -0.5754971668830257, 0.19980363210784888], [-0.6459832565132548, 0.5871837991634883, -0.1392057486402472, 0.4674853771509559], [-0.5458984340514336, -0.3550936601343079, 0.7542503470225692, -0.08372458568991298]], "target": [-0.4345176302108431, -0.8548630196864841, 0.2292921346327821, 0.1668195540217048], "inputs": [0, 0, 1, 1], "outputs": [0, 0, 1, 1], "time_start": null, "time_complete": null, "actions": null, "score": null}, {"designers": [2, 3], "num_inputs": [2, 2], "num_outputs": [2, 2], "coupling": [[-0.6285086922723767, 0.15149187630596678, 0.1432264482149686, -0.7493418576878578], [-0.49589791216480095, 0.46144758967819427, -0.6237376147010651, 0.3900035521604921], [-0.2525468600945011, 0.39489123964962763, 0.7669538800993398, 0.4382496298971124], [-0.5433987190867005, -0.7798571934921561, 0.04710964168105983, 0.3071176834930753]], "target": [0.23666854939432325, 0.06263130353383424, -0.6439306143853482, -0.7248576973465529], "inputs": [2, 2, 3, 3], "outputs": [2, 2, 3, 3], "time_start": null, "time_complete": null, "actions": null, "score": null}], "max_time": 1200000}]}