{"name": "experiment001", "num_designers": 4, "error_tol": 0.05, "training": [{"name": "Training Task 1/5 (Individual)", "assignments": [[0], [1], [2], [3]], "tasks": [{"designers": [0], "num_inputs": [1], "num_outputs": [1], "coupling": [[1.0]], "target": [-1.0], "inputs": [0], "outputs": [0]}, {"designers": [1], "num_inputs": [1], "num_outputs": [1], "coupling": [[1.0]], "target": [1.0], "inputs": [1], "outputs": [1]}, {"designers": [2], "num_inputs": [1], "num_outputs": [1], "coupling": [[1.0]], "target": [1.0], "inputs": [2], "outputs": [2]}, {"designers": [3], "num_inputs": [1], "num_outputs": [1], "coupling": [[1.0]], "target": [1.0], "inputs": [3], "outputs": [3]}]}, {"name": "Training Task 2/5 (Individual)", "assignments": [[0], [1], [2], [3]], "tasks": [{"designers": [0], "num_inputs": [2], "num_outputs": [2], "coupling": [[-0.4768157086533506, -0.8790032878103488], [-0.8790032878103488, 0.47681570865335055]], "target": [0.994034353378938, 0.1090674300720285], "inputs": [0, 0], "outputs": [0, 0]}, {"designers": [1], "num_inputs": [2], "num_outputs": [2], "coupling": [[-0.7504229705114447, -0.6609579149452554], [-0.6609579149452552, 0.7504229705114449]], "target": [0.26520073178084425, -0.9641932233027279], "inputs": [1, 1], "outputs": [1, 1]}, {"designers": [2], "num_inputs": [2], "num_outputs": [2], "coupling": [[-0.7163348952244424, -0.697756632275027], [-0.6977566322750269, 0.7163348952244424]], "target": [-0.2428946837394501, -0.9700526648647034], "inputs": [2, 2], "outputs": [2, 2]}, {"designers": [3], "num_inputs": [2], "num_outputs": [2], "coupling": [[-0.6306143302594711, -0.776096364165816], [-0.7760963641658158, 0.6306143302594711]], "target": [0.9326107232416954, -0.3608839687414801], "inputs": [3, 3], "outputs": [3, 3]}]}, {"name": "Training Task 3/5 (Pair)", "assignments": [[0, 1], [2, 3]], "tasks": [{"designers": [0, 1], "num_inputs": [1, 1], "num_outputs": [1, 1], "coupling": [[-0.47639091848331544, -0.8792335826085257], [-0.8792335826085256, 0.4763909184833158]], "target": [0.8938280531026994, 0.44840986997013993], "inputs": [0, 1], "outputs": [0, 1]}, {"designers": [2, 3], "num_inputs": [1, 1], "num_outputs": [1, 1], "coupling": [[-0.8005644429292982, -0.5992466710106131], [-0.5992466710106131, 0.8005644429292983]], "target": [0.21145797817415435, 0.9773870898812296], "inputs": [2, 3], "outputs": [2, 3]}]}, {"name": "Training Task 4/5 (Pair)", "assignments": [[0, 1], [2, 3]], "tasks": [{"designers": [0, 1], "num_inputs": [2, 1], "num_outputs": [2, 1], "coupling": [[-0.5302629481722699, -0.8123360060118004, 0.2427579435002044], [-0.6976096702093946, 0.5807634116316389, 0.41958861726734087], [-0.4818318729868249, 0.053142008305817695, -0.8746507720954877]], "target": [-0.5869432443246849, 0.21710586201039986, 0.7799760718267801], "inputs": [0, 0, 1], "outputs": [0, 0, 1]}, {"designers": [2, 3], "num_inputs": [2, 1], "num_outputs": [2, 1], "coupling": [[-0.6514163194180984, -0.042103624775072894, 0.7575513603555721], [-0.6333843269282352, 0.5798734555985507, -0.5124168907187407], [-0.41770931662753713, -0.8136178834520508, -0.40440680821366076]], "target": [0.9153524654542173, 0.3187731082564218, -0.24599505978662528], "inputs": [2, 2, 3], "outputs": [2, 2, 3]}]}, {"name": "Training Task 5/5 (Pair)", "assignments": [[1, 0], [3, 2]], "tasks": [{"designers": [1, 0], "num_inputs": [2, 1], "num_outputs": [2, 1], "coupling": [[-0.5980587785122068, 0.5864805640689906, -0.54622911439597], [-0.5055833931297932, -0.8049061345090324, -0.3106630766941765], [-0.6218610214797615, 0.0903695889060334, 0.7778960132081294]], "target": [-0.5052547611740466, -0.5978201786585915, 0.6223573413237505], "inputs": [1, 1, 0], "outputs": [1, 1, 0]}, {"designers": [3, 2], "num_inputs": [2, 1], "num_outputs": [2, 1], "coupling": [[-0.5471746289193902, 0.7035321709469582, -0.4534781250618242], [-0.6248748649429692, -0.7038083615597381, -0.33791299673303926], [-0.5568943603857321, 0.09846966355815842, 0.824725649370328]], "target": [0.9895354487049901, 0.1089810061946253, -0.09456604065424713], "inputs": [3, 3, 2], "outputs": [3, 3, 2]}]}], "rounds": [{"name": "Chemical Rhythm (Pair)", "assignments": [[0, 1], [2, 3]], "tasks": [{"designers": [0, 1], "num_inputs": [2, 2], "num_outputs": [2, 2], "coupling": [[-0.6589640844962896, 0.04334236352990072, 0.7507737862636734, -0.015049808201981015], [-0.5156483442062767, -0.2548227002008294, -0.45155374689996775, -0.6821080488018616], [-0.34304166123566204, 0.8562582641656096, -0.34713157412504, 0.16924501159634261], [-0.42684369401218564, -0.4472232284151809, -0.3345707784092623, 0.7112371187463113]], "target": [-0.09074329693180339, -0.2683972705735514, 0.6233946434072503, 0.7287713480796031], "inputs": [0, 0, 1, 1], "outputs": [0, 0, 1, 1]}, {"designers": [2, 3], "num_inputs": [2, 2], "num_outputs": [2, 2], "coupling": [[-0.669528783236122, 0.5648475315622693, 0.41530005117909286, -0.24536573109750306], [-0.30820485358380634, -0.13791775936835046, -0.6885007607594223, -0.6418373332176116], [-0.4911074430638033, 0.08174444948284673, -0.47373312041506854, 0.7264353068015637], [-0.4642784250997194, -0.8094713106204392, 0.35926243965399746, 0.011499596654260662]], "target": [0.6786202928906777, 0.6168412722841947, -0.1542998158078661, -0.36765868645449595], "inputs": [2, 2, 3, 3], "outputs": [2, 2, 3, 3]}]}, {"name": "Husky Verse (Pair)", "assignments": [[0, 1], [2, 3]], "tasks": [{"designers": [0, 1], "num_inputs": [2, 2], "num_outputs": [2, 2], "coupling": [[-0.5395084336357888, 0.08199807238289218, 0.833788725021017, -0.08368589002439164], [-0.6901696637156428, -0.31760991520004883, -0.4613339687240099, -0.4582147382555571], [-0.4028798267318736, 0.7825254157550157, -0.3007825485704211, 0.3672487949407289], [-0.26511192077118945, -0.5292015037672773, -0.03869353698828394, 0.8050864848392373]], "target": [0.5230376328121724, -0.6421444800626066, -0.04273412627284837, -0.5587986183224327], "inputs": [0, 0, 1, 1], "outputs": [0, 0, 1, 1]}, {"designers": [2, 3], "num_inputs": [2, 2], "num_outputs": [2, 2], "coupling": [[-0.6747753286067975, -0.6942877831211037, 0.17792505690360294, -0.17602671455839097], [-0.2972980665885781, 0.004386344903052755, -0.18337533783930415, 0.93699952244033], [-0.5689814947818432, 0.4752960259156756, -0.600187156029928, -0.30021512966752967], [-0.3640771540513097, 0.5404062563811971, 0.757952199901074, 0.030288060800936954]], "target": [-0.7079785122316982, 0.3573471371085936, -0.5877340916672574, 0.16011897860824467], "inputs": [2, 2, 3, 3], "outputs": [2, 2, 3, 3]}]}, {"name": "Staking System (Pair)", "assignments": [[0, 1], [2, 3]], "tasks": [{"designers": [0, 1], "num_inputs": [1, 1], "num_outputs": [1, 1], "coupling": [[-0.6462164732900388, -0.7631541585083477], [-0.7631541585083478, 0.6462164732900388]], "target": [-0.9253844359370338, 0.37902987444988767], "inputs": [0, 1], "outputs": [0, 1]}, {"designers": [2, 3], "num_inputs": [1, 1], "num_outputs": [1, 1], "coupling": [[-0.8481032182369374, -0.5298310402535409], [-0.5298310402535408, 0.8481032182369377]], "target": [-0.4128825669037184, -0.9107842697077047], "inputs": [2, 3], "outputs": [2, 3]}]}, {"name": "Chief Government (Pair)", "assignments": [[0, 1], [2, 3]], "tasks": [{"designers": [0, 1], "num_inputs": [2, 2], "num_outputs": [2, 2], "coupling": [[-0.6579545127548108, 0.1115252533321412, -0.7384931711905842, 0.09636292398872082], [-0.47460810615001436, -0.8070498412662175, 0.27194993884228635, -0.22239813410311313], [-0.3117220348872614, 0.08263581208906205, 0.40202645128773606, 0.8569570747657761], [-0.49464368760555427, 0.5739372736996227, 0.46802328930678355, -0.45483824469439904]], "target": [-0.7663213540103795, 0.13536148138734308, 0.6202053533113548, -0.09886440951252601], "inputs": [0, 0, 1, 1], "outputs": [0, 0, 1, 1]}, {"designers": [2, 3], "num_inputs": [2, 2], "num_outputs": [2, 2], "coupling": [[-0.27254428214116805, -0.20713948295457055, 0.6738059687337228, -0.6548269736138531], [-0.5953835384487154, -0.18557557219593573, 0.37087905692515793, 0.6881343431937866], [-0.5073862210529554, -0.5445660395508488, -0.6181940404054819, -0.2526720793056699], [-0.5601761143623002, 0.7912665607577314, -0.16208136857844016, -0.1839281943703233]], "target": [-0.676756750153579, -0.43843135075720296, 0.1539553173634778, -0.5710306577148826], "inputs": [2, 2, 3, 3], "outputs": [2, 2, 3, 3]}]}, {"name": "Hallowed Sign (Pair)", "assignments": [[1, 0], [3, 2]], "tasks": [{"designers": [1, 0], "num_inputs": [2, 1], "num_outputs": [2, 1], "coupling": [[-0.5914999942011844, -0.47805077409366237, -0.6493036379448754], [-0.2694307447650201, -0.6418073824905449, 0.7179765717319767], [-0.7599571242085742, 0.5996255007661752, 0.2508274869218847]], "target": [0.006411157790544353, 0.9952139894638392, 0.0975090366645804], "inputs": [1, 1, 0], "outputs": [1, 1, 0]}, {"designers": [3, 2], "num_inputs": [2, 1], "num_outputs": [2, 1], "coupling": [[-0.7970443466142245, 0.010359106441440965, -0.6038319289703374], [-0.3566485168959445, -0.8149525012733668, 0.45678688254393457], [-0.48736243692577175, 0.579435164260867, 0.653247843847766]], "target": [-0.6566152457875933, 0.7470673374862427, -0.1036668329819862], "inputs": [3, 3, 2], "outputs": [3, 3, 2]}]}, {"name": "Unwritten Experience (Individual)", "assignments": [[0], [1], [2], [3]], "tasks": [{"designers": [0], "num_inputs": [3], "num_outputs": [3], "coupling": [[-0.8201568958993574, -0.5271936506866323, -0.22228252469420923], [-0.17080903879234205, -0.14517495565183075, 0.9745504114812765], [-0.5460466448716327, 0.8372521047612779, 0.02901680025852275]], "target": [-0.4426053106512382, -0.5905985444874529, -0.6747546948577849], "inputs": [0, 0, 0], "outputs": [0, 0, 0]}, {"designers": [1], "num_inputs": [3], "num_outputs": [3], "coupling": [[-0.4256342913166279, -0.04371062248635168, -0.9038389411489458], [-0.38046188714010687, -0.897612770233881, 0.22257598061526312], [-0.8210263104731663, 0.43861223899352514, 0.36542454941602726]], "target": [-0.06408714223227996, 0.974654764316686, 0.21433835073379914], "inputs": [1, 1, 1], "outputs": [1, 1, 1]}, {"designers": [2], "num_inputs": [3], "num_outputs": [3], "coupling": [[-0.8302466156314715, 0.551716953292246, -0.07936599197646611], [-0.27097223738178544, -0.523932491320785, -0.8075077653538105], [-0.4870981459632096, -0.6489246088632457, 0.5844931549735094]], "target": [0.6195146911074456, 0.21437172025300616, -0.7551465507156956], "inputs": [2, 2, 2], "outputs": [2, 2, 2]}, {"designers": [3], "num_inputs": [3], "num_outputs": [3], "coupling": [[-0.5037452266644558, -0.28905504439214796, -0.8140564648255243], [-0.786207970569895, -0.2370546409595507, 0.5706856614739027], [-0.35793543220131696, 0.9274978590331043, -0.10784223599251146]], "target": [-0.5448073789458212, 0.14877399037286004, -0.8252582745024252], "inputs": [3, 3, 3], "outputs": [3, 3, 3]}]}, {"name": "Arrogant Flame (Individual)", "assignments": [[0], [1], [2], [3]], "tasks": [{"designers": [0], "num_inputs": [4], "num_outputs": [4], "coupling": [[-0.4723424187302425, 0.8808730482338292, 0.0309044483894127, 0.0004768994161144295], [-0.47517956556018903, -0.2831671302223086, 0.8052221888693284, 0.21363048328405737], [-0.5545307323552656, -0.2888413471891479, -0.2310453266183188, -0.7454424190206276], [-0.4935510984848747, -0.24586525864965836, -0.545234076952338, 0.631409050539697]], "target": [-0.7121408281967161, -0.12371675608900203, -0.39299341075296435, 0.5684239475803792], "inputs": [0, 0, 0, 0], "outputs": [0, 0, 0, 0]}, {"designers": [1], "num_inputs": [4], "num_outputs": [4], "coupling": [[0.5210110610576499, -0.2539374244244916, -0.6040221927871254, 0.5470104654875174], [0.40198925033712496, 0.903363066785751, 0.08082157483532691, 0.12572861735491017], [0.6959420827214196, -0.22244230983808658, 0.07971224528106718, -0.6781076568241365], [0.28743126894329235, -0.26451913510745495, 0.7888415694003591, 0.4744911708152552]], "target": [-0.6007590225506731, 0.3775449244756002, -0.5899683605201408, 0.38533850107645684], "inputs": [1, 1, 1, 1], "outputs": [1, 1, 1, 1]}, {"designers": [2], "num_inputs": [4], "num_outputs": [4], "coupling": [[-0.3572881193700896, -0.10760990305711042, 0.584697816107407, -0.7203428158594023], [-0.4749656727185702, 0.22748041265516072, -0.7473903307252042, -0.40505303990428726], [-0.33761521324759597, 0.8385538231929109, 0.3103806701317469, 0.2941212216092201], [-0.729910115890827, -0.48321864226334343, 0.0565685158570286, 0.48013640718356615]], "target": [0.6342743494799761, -0.37495002779070596, 0.26691306344237675, -0.6211810869748916], "inputs": [2, 2, 2, 2], "outputs": [2, 2, 2, 2]}, {"designers": [3], "num_inputs": [4], "num_outputs": [4], "coupling": [[-0.5283507230471348, 0.4320517076650621, -0.41581033989959293, 0.6010645527660562], [-0.37242270790943377, 0.3395715110694175, -0.3285813960688531, -0.7987657864861769], [-0.3852138016964867, -0.8339277337713195, -0.39499414841357466, -0.012429181332919188], [-0.6586024347597833, -0.05086300837315931, 0.7504103211637378, -0.02324085193476694]], "target": [-0.663592869814384, -0.15750379551727622, -0.7038029182406954, 0.1987423201158809], "inputs": [3, 3, 3, 3], "outputs": [3, 3, 3, 3]}]}, {"name": "Noiseless Stone (Individual)", "assignments": [[0], [1], [2], [3]], "tasks": [{"designers": [0], "num_inputs": [3], "num_outputs": [3], "coupling": [[-0.5167068364516678, 0.8561620141533195, -0.0008066505076276157], [-0.7036065255996177, -0.4251737013291733, -0.5693550569123681], [-0.4878031388764778, -0.2936220857139041, 0.8220913382850308]], "target": [0.6986350099653158, 0.148988711231675, 0.6997938887817524], "inputs": [0, 0, 0], "outputs": [0, 0, 0]}, {"designers": [1], "num_inputs": [3], "num_outputs": [3], "coupling": [[-0.6299724744407745, 0.49949112621243563, 0.5946791540671321], [-0.7003869644289, -0.03455951408991569, -0.7129261813427387], [-0.33554847862125353, -0.8656293980803225, 0.37160861625379543]], "target": [-0.1685302134510147, -0.8624528062902124, -0.47725540759250995], "inputs": [1, 1, 1], "outputs": [1, 1, 1]}, {"designers": [2], "num_inputs": [3], "num_outputs": [3], "coupling": [[-0.5642388866737779, -0.49594543475201847, -0.6600550011277603], [-0.5774203099163167, -0.3343715982867119, 0.7448365055200604], [-0.5901019102335467, 0.8013948839416323, -0.09770350828346704]], "target": [-0.6470857951946876, 0.6789882362533141, 0.3467779530000036], "inputs": [2, 2, 2], "outputs": [2, 2, 2]}, {"designers": [3], "num_inputs": [3], "num_outputs": [3], "coupling": [[-0.6802543796712611, 0.64305436367793, -0.3517599526564093], [-0.24695603566199906, -0.6529229213036666, -0.7160337808276891], [-0.6901207831881142, -0.4002158719879283, 0.6029598331736249]], "target": [-0.32973378348546145, 0.5415984147877729, -0.7732701915422153], "inputs": [3, 3, 3], "outputs": [3, 3, 3]}]}, {"name": "Thinkable Ink (Pair)", "assignments": [[0, 1], [2, 3]], "tasks": [{"designers": [0, 1], "num_inputs": [1, 1], "num_outputs": [1, 1], "coupling": [[-0.30578082364501136, -0.9521019314605861], [-0.9521019314605861, 0.30578082364501113]], "target": [0.5025719478881594, 0.8645353880529709], "inputs": [0, 1], "outputs": [0, 1]}, {"designers": [2, 3], "num_inputs": [1, 1], "num_outputs": [1, 1], "coupling": [[-0.33651611800372505, -0.9416777061838634], [-0.9416777061838634, 0.3365161180037251]], "target": [0.19706169354405256, -0.9803910897889423], "inputs": [2, 3], "outputs": [2, 3]}]}, {"name": "Economic Motion (Individual)", "assignments": [[0], [1], [2], [3]], "tasks": [{"designers": [0], "num_inputs": [2], "num_outputs": [2], "coupling": [[-0.5628464224773381, -0.8265614948111616], [-0.8265614948111616, 0.562846422477338]], "target": [0.2480213567511127, -0.9687545646836133], "inputs": [0, 0], "outputs": [0, 0]}, {"designers": [1], "num_inputs": [2], "num_outputs": [2], "coupling": [[-0.7491091951011225, -0.6624465365710263], [-0.6624465365710263, 0.7491091951011227]], "target": [-0.9713960556663772, 0.23746516173073592], "inputs": [1, 1], "outputs": [1, 1]}, {"designers": [2], "num_inputs": [2], "num_outputs": [2], "coupling": [[-0.5966929036988124, -0.8024696746142372], [-0.8024696746142371, 0.5966929036988127]], "target": [-0.912536405835364, -0.4089954865583188], "inputs": [2, 2], "outputs": [2, 2]}, {"designers": [3], "num_inputs": [2], "num_outputs": [2], "coupling": [[-0.5607773617637709, -0.827966636123259], [-0.827966636123259, 0.5607773617637709]], "target": [-0.8044537503931688, -0.5940152889264426], "inputs": [3, 3], "outputs": [3, 3]}]}, {"name": "Absorbed Copper (Pair)", "assignments": [[1, 0], [3, 2]], "tasks": [{"designers": [1, 0], "num_inputs": [2, 1], "num_outputs": [2, 1], "coupling": [[-0.8052249930824921, 0.4583688007619189, -0.3761791501444237], [-0.5705747323595903, -0.7716364125570991, 0.28110802480326297], [-0.16142238168259807, 0.4409935252405531, 0.8828745807802078]], "target": [-0.9699561867277608, 0.2381616489039925, -0.04963894458862312], "inputs": [1, 1, 0], "outputs": [1, 1, 0]}, {"designers": [3, 2], "num_inputs": [2, 1], "num_outputs": [2, 1], "coupling": [[-0.4312283915342873, -0.5895786309694757, -0.6829634779685588], [-0.49840589968720805, -0.47532084290760956, 0.7250252791831356], [-0.7520861875421835, 0.6530445116542655, -0.08887762545492367]], "target": [-0.6494456862296298, 0.3774834345899072, 0.660095869740095], "inputs": [3, 3, 2], "outputs": [3, 3, 2]}]}, {"name": "Flat Sleep (Individual)", "assignments": [[0], [1], [2], [3]], "tasks": [{"designers": [0], "num_inputs": [2], "num_outputs": [2], "coupling": [[-0.7433779979053484, -0.6688715513685989], [-0.668871551368599, 0.7433779979053481]], "target": [-0.4636470412544005, 0.886019989128936], "inputs": [0, 0], "outputs": [0, 0]}, {"designers": [1], "num_inputs": [2], "num_outputs": [2], "coupling": [[-0.6862466267194001, -0.7273689348028579], [-0.7273689348028578, 0.6862466267194003]], "target": [0.9951305003180511, 0.09856615715724008], "inputs": [1, 1], "outputs": [1, 1]}, {"designers": [2], "num_inputs": [2], "num_outputs": [2], "coupling": [[-0.9947766005713742, -0.10207602537158358], [-0.10207602537158357, 0.9947766005713744]], "target": [-0.8218205756076846, 0.5697463834969504], "inputs": [2, 2], "outputs": [2, 2]}, {"designers": [3], "num_inputs": [2], "num_outputs": [2], "coupling": [[-0.6782251866454236, -0.7348541326003276], [-0.7348541326003276, 0.6782251866454237]], "target": [-0.13603767522982868, 0.9907036645324694], "inputs": [3, 3], "outputs": [3, 3]}]}, {"name": "Towering Test (Pair)", "assignments": [[0, 1], [2, 3]], "tasks": [{"designers": [0, 1], "num_inputs": [1, 1], "num_outputs": [1, 1], "coupling": [[-0.7591637561805248, -0.6508996783697751], [-0.6508996783697752, 0.7591637561805246]], "target": [0.09915357132457547, 0.995072142758294], "inputs": [0, 1], "outputs": [0, 1]}, {"designers": [2, 3], "num_inputs": [1, 1], "num_outputs": [1, 1], "coupling": [[-0.8102938359163843, -0.5860238045300817], [-0.5860238045300818, 0.8102938359163843]], "target": [-0.9769217102381083, -0.21359768740660476], "inputs": [2, 3], "outputs": [2, 3]}]}, {"name": "Better Behavior (Pair)", "assignments": [[0, 1], [2, 3]], "tasks": [{"designers": [0, 1], "num_inputs": [2, 1], "num_outputs": [2, 1], "coupling": [[-0.40906455735086933, 0.77728313024882, -0.478013727156378], [-0.8742992532493448, -0.4838511713458998, -0.038585745487652603], [-0.26127955083965987, 0.4021429837977977, 0.8775044255701673]], "target": [0.37637216164544696, 0.3314379001351101, 0.8651548498924122], "inputs": [0, 0, 1], "outputs": [0, 0, 1]}, {"designers": [2, 3], "num_inputs": [2, 1], "num_outputs": [2, 1], "coupling": [[-0.42115819106946395, 0.8126293352337064, -0.4028142768233545], [-0.6113435944960386, -0.5824162090436099, -0.5357708175254913], [-0.6699886473394605, 0.020613659570667936, 0.7420850958450417]], "target": [-0.316980485277345, 0.555247891540147, -0.7689103659683356], "inputs": [2, 2, 3], "outputs": [2, 2, 3]}]}, {"name": "Impolite Heat (Individual)", "assignments": [[0], [1], [2], [3]], "tasks": [{"designers": [0], "num_inputs": [4], "num_outputs": [4], "coupling": [[-0.21867308822608655, 0.004259563503850922, 0.9307845901996888, -0.2929231695363478], [-0.6281055089997845, 0.3880756709270255, -0.33377763931047666, -0.5860658927927697], [-0.45150536830883503, 0.48802340973228553, 0.12353382868469158, 0.7366922336444701], [-0.5948179994234298, -0.7818006659670796, -0.0834980677238913, 0.16735393315281116]], "target": [-0.33987216382643526, 0.44731401821531197, -0.47180319646079305, 0.6795578159166344], "inputs": [0, 0, 0, 0], "outputs": [0, 0, 0, 0]}, {"designers": [1], "num_inputs": [4], "num_outputs": [4], "coupling": [[-0.7057906896182728, 0.61759949668817, 0.29751032358953694, 0.17865601444208823], [-0.30040763502540124, -0.30399206049575844, 0.40405171878371343, -0.8087560129741946], [-0.36439479858510304, 0.09623317943983815, -0.8644477548116476, -0.3326945823726686], [-0.5280446818506278, -0.7189567887021884, -0.03098217401472028, 0.4508991626091452]], "target": [0.13615637003695436, -0.6591654400307159, -0.739151180625664, -0.02485754909800031], "inputs": [1, 1, 1, 1], "outputs": [1, 1, 1, 1]}, {"designers": [2], "num_inputs": [4], "num_outputs": [4], "coupling": [[-0.6304714900523017, 0.24727251295178587, -0.16158995439160495, -0.7178096483117641], [-0.4402638275772196, -0.5502546724718275, 0.7084984988810119, 0.03764883309387897], [-0.31927713337740377, -0.6135008553662248, -0.6867615979785199, 0.22369023248503178], [-0.5538371371266055, 0.5096006281651754, 0.016645457790688215, 0.6582511329637061]], "target": [0.18685281679097687, -0.7715949842010732, -0.2421585389042419, -0.5577512413691128], "inputs": [2, 2, 2, 2], "outputs": [2, 2, 2, 2]}, {"designers": [3], "num_inputs": [4], "num_outputs": [4], "coupling": [[-0.5309077510578881, 0.16564886702356818, 0.033301283923185494, 0.8304146176516471], [-0.3015996116631377, -0.6569427156694257, 0.6851990075462133, -0.08925392221751066], [-0.3459906086177529, 0.7104520475314176, 0.47908533368379336, -0.38213300034912184], [-0.7123658700833561, -0.1903801705564564, -0.5476044079404767, -0.3954992670074591]], "target": [0.07688294955129304, 0.38548803216068306, -0.47264378416086833, -0.788730525859924], "inputs": [3, 3, 3, 3], "outputs": [3, 3, 3, 3]}]}]}