{"name": "experiment009", "num_designers": 4, "error_tol": 0.05, "training": [{"name": "Training Task 1/5 (Individual)", "assignments": [[0], [1], [2], [3]], "tasks": [{"designers": [0], "num_inputs": [1], "num_outputs": [1], "coupling": [[1.0]], "target": [1.0], "inputs": [0], "outputs": [0], "time_start": null, "time_complete": null, "actions": null}, {"designers": [1], "num_inputs": [1], "num_outputs": [1], "coupling": [[1.0]], "target": [1.0], "inputs": [1], "outputs": [1], "time_start": null, "time_complete": null, "actions": null}, {"designers": [2], "num_inputs": [1], "num_outputs": [1], "coupling": [[1.0]], "target": [-1.0], "inputs": [2], "outputs": [2], "time_start": null, "time_complete": null, "actions": null}, {"designers": [3], "num_inputs": [1], "num_outputs": [1], "coupling": [[1.0]], "target": [-1.0], "inputs": [3], "outputs": [3], "time_start": null, "time_complete": null, "actions": null}]}, {"name": "Training Task 2/5 (Individual)", "assignments": [[0], [1], [2], [3]], "tasks": [{"designers": [0], "num_inputs": [2], "num_outputs": [2], "coupling": [[-0.37826094389037646, -0.9256990106547385], [-0.9256990106547385, 0.3782609438903763]], "target": [0.38815458684648374, -0.9215942798813561], "inputs": [0, 0], "outputs": [0, 0], "time_start": null, "time_complete": null, "actions": null}, {"designers": [1], "num_inputs": [2], "num_outputs": [2], "coupling": [[-0.8867212818851123, -0.46230441080744916], [-0.4623044108074492, 0.8867212818851127]], "target": [0.6537655684143886, 0.7566971531305053], "inputs": [1, 1], "outputs": [1, 1], "time_start": null, "time_complete": null, "actions": null}, {"designers": [2], "num_inputs": [2], "num_outputs": [2], "coupling": [[-0.7051772283731832, -0.7090310829462381], [-0.7090310829462382, 0.7051772283731833]], "target": [0.06515701240563909, 0.9978750241059104], "inputs": [2, 2], "outputs": [2, 2], "time_start": null, "time_complete": null, "actions": null}, {"designers": [3], "num_inputs": [2], "num_outputs": [2], "coupling": [[-0.646762138781675, -0.7626917698772901], [-0.76269176987729, 0.646762138781675]], "target": [-0.9539571402138849, 0.299942952300844], "inputs": [3, 3], "outputs": [3, 3], "time_start": null, "time_complete": null, "actions": null}]}, {"name": "Training Task 3/5 (Pair)", "assignments": [[0, 1], [2, 3]], "tasks": [{"designers": [0, 1], "num_inputs": [1, 1], "num_outputs": [1, 1], "coupling": [[-0.9194616140782612, -0.39317978106280926], [-0.3931797810628092, 0.9194616140782613]], "target": [0.8327452734540994, -0.5536563099431427], "inputs": [0, 1], "outputs": [0, 1], "time_start": null, "time_complete": null, "actions": null}, {"designers": [2, 3], "num_inputs": [1, 1], "num_outputs": [1, 1], "coupling": [[-0.9898361636539049, -0.14221240847028918], [-0.14221240847028918, 0.9898361636539048]], "target": [-0.585748415366081, 0.8104929326626636], "inputs": [2, 3], "outputs": [2, 3], "time_start": null, "time_complete": null, "actions": null}]}, {"name": "Training Task 4/5 (Pair)", "assignments": [[0, 1], [2, 3]], "tasks": [{"designers": [0, 1], "num_inputs": [2, 1], "num_outputs": [2, 1], "coupling": [[-0.38008512318648074, 0.3952410746095875, -0.8362534257471091], [-0.8804851077530726, -0.43155989982041587, 0.19621933618288537], [-0.28333950334779845, 0.8108887382424613, 0.5120333778516514]], "target": [0.9565104167205503, 0.22754593227951242, 0.18251211304493423], "inputs": [0, 0, 1], "outputs": [0, 0, 1], "time_start": null, "time_complete": null, "actions": null}, {"designers": [2, 3], "num_inputs": [2, 1], "num_outputs": [2, 1], "coupling": [[-0.5753481899700696, 0.8089704398512962, -0.12058726195152268], [-0.22623608529362702, -0.299085421369608, -0.9270194951753596], [-0.7859972608153157, -0.5060777985359214, 0.35509656126166034]], "target": [-0.4756302635454086, 0.07337537039560738, 0.8765796640460197], "inputs": [2, 2, 3], "outputs": [2, 2, 3], "time_start": null, "time_complete": null, "actions": null}]}, {"name": "Training Task 5/5 (Pair)", "assignments": [[1, 0], [3, 2]], "tasks": [{"designers": [1, 0], "num_inputs": [2, 1], "num_outputs": [2, 1], "coupling": [[-0.7846301009337839, -0.18510493372688153, -0.5916855315271851], [-0.4019612595195433, -0.5747135536072348, 0.7128334147229678], [-0.47199867643257565, 0.7971452156352136, 0.3765325412707193]], "target": [0.8947575428910239, -0.06412305168301681, -0.4419243981525286], "inputs": [1, 1, 0], "outputs": [1, 1, 0], "time_start": null, "time_complete": null, "actions": null}, {"designers": [3, 2], "num_inputs": [2, 1], "num_outputs": [2, 1], "coupling": [[-0.4824842109431838, -0.8427122530570097, -0.23884104491923452], [-0.6018943704282609, 0.12088320083715338, 0.7893734341882377], [-0.6363427952269914, 0.5246172988979136, -0.5655479967781306]], "target": [0.22056784580628142, 0.1351365225613528, -0.9659647745473959], "inputs": [3, 3, 2], "outputs": [3, 3, 2], "time_start": null, "time_complete": null, "actions": null}]}], "rounds": [{"name": "Towering Test (Pair)", "assignments": [[0, 1], [2, 3]], "tasks": [{"designers": [0, 1], "num_inputs": [1, 1], "num_outputs": [1, 1], "coupling": [[-0.860159119570549, -0.5100257728974269], [-0.5100257728974269, 0.8601591195705491]], "target": [-0.8985383351139717, 0.4388950447779193], "inputs": [0, 1], "outputs": [0, 1], "time_start": null, "time_complete": null, "actions": null}, {"designers": [2, 3], "num_inputs": [1, 1], "num_outputs": [1, 1], "coupling": [[-0.8728203150292791, -0.48804169665325753], [-0.4880416966532575, 0.872820315029279]], "target": [0.9743856377935014, -0.22488358957858895], "inputs": [2, 3], "outputs": [2, 3], "time_start": null, "time_complete": null, "actions": null}]}, {"name": "Chief Government (Pair)", "assignments": [[0, 1], [2, 3]], "tasks": [{"designers": [0, 1], "num_inputs": [2, 2], "num_outputs": [2, 2], "coupling": [[-0.7097847784342393, 0.30054902181747123, -0.6041735780522369, 0.20211417904535126], [-0.375821138943192, -0.0031957145170769456, 0.13313760993266707, -0.9170728628378361], [-0.5368235804569322, -0.7045956928757541, 0.37267215642379037, 0.2765516531731055], [-0.25842693994995763, 0.6428102227518036, 0.6916387266712418, 0.20407451090829967]], "target": [0.12101967644770073, -0.6899292738106221, -0.6782442124801988, 0.22211848929964442], "inputs": [0, 0, 1, 1], "outputs": [0, 0, 1, 1], "time_start": null, "time_complete": null, "actions": null}, {"designers": [2, 3], "num_inputs": [2, 2], "num_outputs": [2, 2], "coupling": [[-0.49719390195725194, 0.2717847963230245, 0.1933004682718009, 0.8009782626951107], [-0.5454041483097084, -0.4561509475078252, -0.7030374282943662, -0.014106824997826695], [-0.5485982802903737, -0.3466193339469364, 0.6581496168258741, -0.3817512882343452], [-0.39290261608384486, 0.7732492320782145, -0.1876496343058034, -0.4609780625038692]], "target": [0.6392422343881718, 0.5980532095900635, -0.2866752465034792, -0.3892544506047567], "inputs": [2, 2, 3, 3], "outputs": [2, 2, 3, 3], "time_start": null, "time_complete": null, "actions": null}]}, {"name": "Chemical Rhythm (Pair)", "assignments": [[0, 1], [2, 3]], "tasks": [{"designers": [0, 1], "num_inputs": [2, 2], "num_outputs": [2, 2], "coupling": [[-0.6344494313574284, 0.5481058635845721, -0.5405689843362773, -0.06956331309024713], [-0.6092325767594833, -0.2025880909470354, 0.5748985970192304, -0.5072330193971567], [-0.3732772272876398, -0.7794278600186687, -0.39267338696150883, 0.31458533625607443], [-0.2949130347300501, 0.22589873558159798, 0.47231809989787954, 0.7993195079051957]], "target": [0.33769454126628773, 0.17190626573026743, 0.8419636208718831, 0.38406756401697584], "inputs": [0, 0, 1, 1], "outputs": [0, 0, 1, 1], "time_start": null, "time_complete": null, "actions": null}, {"designers": [2, 3], "num_inputs": [2, 2], "num_outputs": [2, 2], "coupling": [[-0.4307386905734116, -0.5157627274347871, 0.4614344734929249, -0.5792505641813737], [-0.47400736068767757, -0.5632018956966667, -0.3305156666739427, 0.5906606815936389], [-0.46053852642719106, 0.29742924218451483, -0.6902495699204477, -0.47222414465426626], [-0.6145611996646688, 0.5729993713489185, 0.4487684837196382, 0.30429114400594115]], "target": [0.13578077295361712, -0.5788476784290227, 0.15775724269788174, 0.7884234897882043], "inputs": [2, 2, 3, 3], "outputs": [2, 2, 3, 3], "time_start": null, "time_complete": null, "actions": null}]}, {"name": "Impolite Heat (Individual)", "assignments": [[0], [1], [2], [3]], "tasks": [{"designers": [0], "num_inputs": [4], "num_outputs": [4], "coupling": [[-0.3984841098474462, -0.24841783872732964, -0.8821899096251804, 0.03521299414487129], [-0.5821101198121523, 0.7405615770897016, 0.04110192764653412, -0.3332071285168353], [-0.6797687955624473, -0.5662287680347614, 0.4659602889923976, -0.013430409954188635], [-0.20068036075049744, 0.26313895604849785, 0.05415352233582116, 0.9421001425736971]], "target": [0.5144835755925514, -0.36028846383897456, -0.38376150933627423, -0.6769239080000053], "inputs": [0, 0, 0, 0], "outputs": [0, 0, 0, 0], "time_start": null, "time_complete": null, "actions": null}, {"designers": [1], "num_inputs": [4], "num_outputs": [4], "coupling": [[-0.285684747322145, 0.42341835507613895, -0.8592737045929104, -0.027382883837806838], [-0.5546951942169789, 0.3695849179780947, 0.3868457407620713, -0.6372366928935884], [-0.48900238015670144, -0.8181362664651384, -0.23447503466159011, -0.19118362852506873], [-0.6095688138849881, 0.12156041494757362, 0.23878972249631364, 0.7460753280244266]], "target": [0.44015351215659915, -0.5801892789740437, -0.6364735765045005, 0.2540603721782671], "inputs": [1, 1, 1, 1], "outputs": [1, 1, 1, 1], "time_start": null, "time_complete": null, "actions": null}, {"designers": [2], "num_inputs": [4], "num_outputs": [4], "coupling": [[-0.4837768128586834, 0.15553126475720555, 0.7154909190249801, 0.4794191963366787], [-0.5027274973280719, -0.8238509043543616, -0.2363141638940123, 0.11265152803148083], [-0.6591822707606817, 0.3293313566636493, -0.06651093736213183, -0.6727524705596268], [-0.2805419624322515, 0.43430469787420495, -0.6540677762641064, 0.5521512299832205]], "target": [-0.374660315920639, 0.4066592084392843, -0.7058491546527048, 0.4427582938148581], "inputs": [2, 2, 2, 2], "outputs": [2, 2, 2, 2], "time_start": null, "time_complete": null, "actions": null}, {"designers": [3], "num_inputs": [4], "num_outputs": [4], "coupling": [[-0.4662984368556158, 0.4377837614033515, -0.1810944417226587, -0.747071582390002], [-0.4854718041325596, -0.8367289186970933, 0.12840792976824025, -0.21843362282603324], [-0.6062549391748964, 0.11909265097175804, -0.5335919772759729, 0.5775391683663371], [-0.42348299128103073, 0.3066708909434451, 0.8160856624990491, 0.24620989461659082]], "target": [-0.03201800554431067, -0.542465505980153, -0.7743522887431474, 0.3241674799558253], "inputs": [3, 3, 3, 3], "outputs": [3, 3, 3, 3], "time_start": null, "time_complete": null, "actions": null}]}, {"name": "Arrogant Flame (Individual)", "assignments": [[0], [1], [2], [3]], "tasks": [{"designers": [0], "num_inputs": [4], "num_outputs": [4], "coupling": [[-0.4638403969320692, -0.6332026301543822, -0.31751541966991287, 0.5320624715306586], [-0.4263987355001771, 0.6375035417551318, -0.6416830365802706, 0.004029041900536305], [-0.43803662919320113, -0.34578289999935485, -0.057652691763104544, -0.8277887802365784], [-0.6412176822443443, 0.2703291502655097, 0.69577511163409, 0.17792984157944972]], "target": [0.2787036458356955, -0.7322683888329355, 0.04191075433721906, 0.6199602996844179], "inputs": [0, 0, 0, 0], "outputs": [0, 0, 0, 0], "time_start": null, "time_complete": null, "actions": null}, {"designers": [1], "num_inputs": [4], "num_outputs": [4], "coupling": [[-0.5109507326805489, -0.7005062279147173, -0.49579043544329127, 0.049114331399865235], [-0.6368287567339935, -0.05651798774977348, 0.7520362590047117, 0.16030070742061653], [-0.3619190176710597, 0.5847321545880573, -0.39269420572605146, 0.6106506307439701], [-0.44988121545343657, 0.40519754330970364, -0.18553859451427937, -0.7739491409799387]], "target": [-0.4087702455539144, -0.24428950588805817, -0.8364166986875629, -0.27136070058016754], "inputs": [1, 1, 1, 1], "outputs": [1, 1, 1, 1], "time_start": null, "time_complete": null, "actions": null}, {"designers": [2], "num_inputs": [4], "num_outputs": [4], "coupling": [[-0.3188544982776722, 0.5067295887445684, -0.7827559458629912, -0.16985306012841783], [-0.4076052773415092, 0.10671848996169091, 0.4105911151385698, -0.8086309652449091], [-0.6583527929125349, -0.7089684968445459, -0.21842412884859885, 0.12738198649330412], [-0.5465906575086232, 0.47874832456421423, 0.4135202115037789, 0.5486708754154155]], "target": [-0.003829082447686094, -0.7010243564161457, 0.6139813898969261, 0.36273549964013213], "inputs": [2, 2, 2, 2], "outputs": [2, 2, 2, 2], "time_start": null, "time_complete": null, "actions": null}, {"designers": [3], "num_inputs": [4], "num_outputs": [4], "coupling": [[-0.5092627440592367, 0.8183955488763276, 0.23513906055039868, 0.12485914182048109], [-0.5566000945651698, -0.12769244113806105, -0.372647943392051, -0.7314536796625754], [-0.3496906839935, -0.118825779026424, -0.6800793498116025, 0.6333158277879604], [-0.5554855693638301, -0.5475434232043891, 0.5859481294867142, 0.2197652645100715]], "target": [-0.744476151859627, -0.60593646801298, 0.019374305691018792, 0.27967998198517413], "inputs": [3, 3, 3, 3], "outputs": [3, 3, 3, 3], "time_start": null, "time_complete": null, "actions": null}]}, {"name": "Absorbed Copper (Pair)", "assignments": [[1, 0], [3, 2]], "tasks": [{"designers": [1, 0], "num_inputs": [2, 1], "num_outputs": [2, 1], "coupling": [[-0.48956265293973106, -0.48256080973819715, -0.7262668061748578], [-0.773901175220506, -0.14329395924938923, 0.6168823325683387], [-0.4017528840455695, 0.864061286106171, -0.30330300693138096]], "target": [0.1744108946283187, -0.7392777234102876, 0.6504223916073706], "inputs": [1, 1, 0], "outputs": [1, 1, 0], "time_start": null, "time_complete": null, "actions": null}, {"designers": [3, 2], "num_inputs": [2, 1], "num_outputs": [2, 1], "coupling": [[-0.6978743948136177, 0.6209546227033266, -0.35691271426904436], [-0.4293934166114237, -0.761582510735528, -0.4854002195225482], [-0.5732299912201866, -0.18549241462965363, 0.7981227607834308]], "target": [0.76712276016876, -0.22151004454333512, 0.602043163732861], "inputs": [3, 3, 2], "outputs": [3, 3, 2], "time_start": null, "time_complete": null, "actions": null}]}, {"name": "Husky Verse (Pair)", "assignments": [[0, 1], [2, 3]], "tasks": [{"designers": [0, 1], "num_inputs": [2, 2], "num_outputs": [2, 2], "coupling": [[-0.5200825662213472, 0.5857956115885492, 0.2840096318338642, 0.5528979605513193], [-0.4690360475298484, -0.6467178830756352, -0.3997924347614098, 0.44936307696036965], [-0.6865463487126079, -0.1354896402885929, 0.29169305533516604, -0.6520826864080119], [-0.19538019730664127, 0.4692995189942506, -0.8212306007464486, -0.25916180345454126]], "target": [-0.6764945664078803, 0.15189641808137552, 0.6703985077256359, 0.26428851778672224], "inputs": [0, 0, 1, 1], "outputs": [0, 0, 1, 1], "time_start": null, "time_complete": null, "actions": null}, {"designers": [2, 3], "num_inputs": [2, 2], "num_outputs": [2, 2], "coupling": [[-0.6124869501182332, -0.17571969775330368, 0.17347514407797662, -0.7509252280643375], [-0.5476528705526524, -0.6051983577519461, -0.19955198990164927, 0.5422087093325585], [-0.31350964360079625, 0.5053631507832996, -0.8025097028872049, -0.04793710433023393], [-0.4760753855006644, 0.5894621458806416, 0.5348490950588839, 0.3739292064132936]], "target": [-0.5142343230786988, 0.36860942120387663, -0.7340982023305551, 0.2465562509906871], "inputs": [2, 2, 3, 3], "outputs": [2, 2, 3, 3], "time_start": null, "time_complete": null, "actions": null}]}, {"name": "Better Behavior (Pair)", "assignments": [[0, 1], [2, 3]], "tasks": [{"designers": [0, 1], "num_inputs": [2, 1], "num_outputs": [2, 1], "coupling": [[-0.5967949843813712, -0.342887608871259, -0.7254404415937875], [-0.6056475007735607, -0.4005489075663734, 0.6875693982821839], [-0.5263334032948878, 0.8496991587202701, 0.03137655567594904]], "target": [-0.3494583084332712, 0.7952435647914206, 0.49544582279477417], "inputs": [0, 0, 1], "outputs": [0, 0, 1], "time_start": null, "time_complete": null, "actions": null}, {"designers": [2, 3], "num_inputs": [2, 1], "num_outputs": [2, 1], "coupling": [[-0.6558079157404116, 0.13089116236682835, -0.743494103047548], [-0.3804881829349094, -0.9079272953941885, 0.1757747676007129], [-0.6520312264754722, 0.3981652042713606, 0.6452284477674843]], "target": [-0.06362042783457689, -0.8653858862000824, -0.49705101260116535], "inputs": [2, 2, 3], "outputs": [2, 2, 3], "time_start": null, "time_complete": null, "actions": null}]}, {"name": "Unwritten Experience (Individual)", "assignments": [[0], [1], [2], [3]], "tasks": [{"designers": [0], "num_inputs": [3], "num_outputs": [3], "coupling": [[-0.35011718323609126, -0.05800302176837427, -0.9349083417472341], [-0.6732628868392586, -0.6783456100612506, 0.2942181478350662], [-0.6512565110674082, 0.7324499182718003, 0.19844917237403692]], "target": [0.9822080291360635, 0.06415627912235561, -0.17649747689364897], "inputs": [0, 0, 0], "outputs": [0, 0, 0], "time_start": null, "time_complete": null, "actions": null}, {"designers": [1], "num_inputs": [3], "num_outputs": [3], "coupling": [[-0.23522588081020884, -0.6660131420798484, -0.7078808371286717], [-0.5520181911123798, -0.5079019166064934, 0.661295365013597], [-0.7999654378022075, 0.5463168839459185, -0.24817969424903447]], "target": [-0.9923722850104775, -0.11918397829909205, -0.031502813523330835], "inputs": [1, 1, 1], "outputs": [1, 1, 1], "time_start": null, "time_complete": null, "actions": null}, {"designers": [2], "num_inputs": [3], "num_outputs": [3], "coupling": [[-0.5855062356561556, 0.15328451483719654, -0.7960441605331228], [-0.5870467134301908, -0.7573708314007259, 0.2859468132261398], [-0.559069409160053, 0.6347387503961754, 0.5334305151441291]], "target": [-0.465059709168109, 0.27645187232243573, 0.841007627312555], "inputs": [2, 2, 2], "outputs": [2, 2, 2], "time_start": null, "time_complete": null, "actions": null}, {"designers": [3], "num_inputs": [3], "num_outputs": [3], "coupling": [[-0.5095458820343958, 0.3539058179414619, -0.7842918245965431], [-0.5969722467132564, -0.8018397482074177, 0.026022199153660944], [-0.6196669514795162, 0.4814599570284645, 0.6198460930119932]], "target": [-0.1913004955653217, -0.9609815756975264, 0.1997962251053846], "inputs": [3, 3, 3], "outputs": [3, 3, 3], "time_start": null, "time_complete": null, "actions": null}]}, {"name": "Noiseless Stone (Individual)", "assignments": [[0], [1], [2], [3]], "tasks": [{"designers": [0], "num_inputs": [3], "num_outputs": [3], "coupling": [[-0.6139967282576722, -0.5038185509982768, -0.607597634425013], [-0.4904058773968491, -0.3596739340477331, 0.7938115245958917], [-0.6184740035793758, 0.7853671299695603, -0.026236959806245266]], "target": [-0.08041382844815659, -0.45329230430760487, -0.8877272683937405], "inputs": [0, 0, 0], "outputs": [0, 0, 0], "time_start": null, "time_complete": null, "actions": null}, {"designers": [1], "num_inputs": [3], "num_outputs": [3], "coupling": [[-0.2419171538739952, 0.9701361239804952, 0.017663284224821836], [-0.5170825413359004, -0.11349541629023374, -0.8483775314838986], [-0.8210369882697814, -0.21437045372253946, 0.5290969405162722]], "target": [0.626457040164738, 0.7067398104002113, -0.32874065343901315], "inputs": [1, 1, 1], "outputs": [1, 1, 1], "time_start": null, "time_complete": null, "actions": null}, {"designers": [2], "num_inputs": [3], "num_outputs": [3], "coupling": [[-0.3594501631707785, 0.4593310294056412, -0.8122872556070636], [-0.4186322744538762, -0.8573309502048828, -0.2995507646566228], [-0.8339919657778938, 0.23237609009092755, 0.5004585435098274]], "target": [0.45876066671756854, 0.8240039072573883, -0.33249994210136335], "inputs": [2, 2, 2], "outputs": [2, 2, 2], "time_start": null, "time_complete": null, "actions": null}, {"designers": [3], "num_inputs": [3], "num_outputs": [3], "coupling": [[-0.6986563164492011, 0.18147989005476883, -0.692058090763588], [-0.20057183702444334, -0.97818806339076, -0.05402824106404141], [-0.686768002806096, 0.10106019070604916, 0.7198170240944453]], "target": [-0.3126933935378471, 0.7487688373808452, 0.5844382514903713], "inputs": [3, 3, 3], "outputs": [3, 3, 3], "time_start": null, "time_complete": null, "actions": null}]}, {"name": "Hallowed Sign (Pair)", "assignments": [[1, 0], [3, 2]], "tasks": [{"designers": [1, 0], "num_inputs": [2, 1], "num_outputs": [2, 1], "coupling": [[-0.6692919214201114, 0.7404883558531229, -0.06103538946966998], [-0.3194451111626423, -0.3609499997223645, -0.8761677457283575], [-0.6708227372980602, -0.566914537250866, 0.4781263040009134]], "target": [0.4709592921772705, 0.12457296912048596, -0.8733149033861676], "inputs": [1, 1, 0], "outputs": [1, 1, 0], "time_start": null, "time_complete": null, "actions": null}, {"designers": [3, 2], "num_inputs": [2, 1], "num_outputs": [2, 1], "coupling": [[-0.5288605280682002, 0.0053067264380801185, -0.8486921588573421], [-0.5407877420738387, -0.7727997127821744, 0.33215842898603143], [-0.654106382688706, 0.63462779846009, 0.41157307680118693]], "target": [0.9127502929047964, 0.3647307983371291, -0.18400637909205272], "inputs": [3, 3, 2], "outputs": [3, 3, 2], "time_start": null, "time_complete": null, "actions": null}]}, {"name": "Flat Sleep (Individual)", "assignments": [[0], [1], [2], [3]], "tasks": [{"designers": [0], "num_inputs": [2], "num_outputs": [2], "coupling": [[-0.7912555718556287, -0.6114855844641169], [-0.6114855844641168, 0.7912555718556284]], "target": [-0.4799061808874998, -0.8773198148599941], "inputs": [0, 0], "outputs": [0, 0], "time_start": null, "time_complete": null, "actions": null}, {"designers": [1], "num_inputs": [2], "num_outputs": [2], "coupling": [[-0.6393909190230207, -0.768881819703716], [-0.768881819703716, 0.6393909190230204]], "target": [0.7870661936740868, 0.6168685490243319], "inputs": [1, 1], "outputs": [1, 1], "time_start": null, "time_complete": null, "actions": null}, {"designers": [2], "num_inputs": [2], "num_outputs": [2], "coupling": [[-0.8119504248351503, -0.5837263979040342], [-0.5837263979040342, 0.8119504248351502]], "target": [-0.40665784127542914, 0.9135805383923238], "inputs": [2, 2], "outputs": [2, 2], "time_start": null, "time_complete": null, "actions": null}, {"designers": [3], "num_inputs": [2], "num_outputs": [2], "coupling": [[0.2613806398540457, 0.9652358059611592], [0.9652358059611595, -0.26138063985404586]], "target": [-0.9022406807522214, -0.4312328303779392], "inputs": [3, 3], "outputs": [3, 3], "time_start": null, "time_complete": null, "actions": null}]}, {"name": "Economic Motion (Individual)", "assignments": [[0], [1], [2], [3]], "tasks": [{"designers": [0], "num_inputs": [2], "num_outputs": [2], "coupling": [[-0.23296295255127344, -0.9724856105560604], [-0.9724856105560602, 0.23296295255127353]], "target": [-0.3037389166710165, 0.9527553046294297], "inputs": [0, 0], "outputs": [0, 0], "time_start": null, "time_complete": null, "actions": null}, {"designers": [1], "num_inputs": [2], "num_outputs": [2], "coupling": [[-0.3646889868213048, -0.9311293910575752], [-0.9311293910575751, 0.36468898682130424]], "target": [0.9087732081982409, 0.4172903737939286], "inputs": [1, 1], "outputs": [1, 1], "time_start": null, "time_complete": null, "actions": null}, {"designers": [2], "num_inputs": [2], "num_outputs": [2], "coupling": [[-0.25195098294252427, -0.9677399972070475], [-0.9677399972070474, 0.25195098294252427]], "target": [-0.15175852445122895, 0.9884175991231572], "inputs": [2, 2], "outputs": [2, 2], "time_start": null, "time_complete": null, "actions": null}, {"designers": [3], "num_inputs": [2], "num_outputs": [2], "coupling": [[-0.9699470811206133, -0.24331596705847816], [-0.24331596705847816, 0.9699470811206133]], "target": [-0.9260769805995803, 0.37733463398363565], "inputs": [3, 3], "outputs": [3, 3], "time_start": null, "time_complete": null, "actions": null}]}, {"name": "Thinkable Ink (Pair)", "assignments": [[0, 1], [2, 3]], "tasks": [{"designers": [0, 1], "num_inputs": [1, 1], "num_outputs": [1, 1], "coupling": [[-0.7171230597291429, -0.6969465669652962], [-0.6969465669652962, 0.7171230597291427]], "target": [0.9479825939105162, -0.3183221664331416], "inputs": [0, 1], "outputs": [0, 1], "time_start": null, "time_complete": null, "actions": null}, {"designers": [2, 3], "num_inputs": [1, 1], "num_outputs": [1, 1], "coupling": [[-0.3980939552512136, -0.9173446477700982], [-0.9173446477700984, 0.3980939552512132]], "target": [-0.9979896931618479, -0.06337643365416196], "inputs": [2, 3], "outputs": [2, 3], "time_start": null, "time_complete": null, "actions": null}]}, {"name": "Staking System (Pair)", "assignments": [[0, 1], [2, 3]], "tasks": [{"designers": [0, 1], "num_inputs": [1, 1], "num_outputs": [1, 1], "coupling": [[-0.5357506499292847, -0.8443762438038795], [-0.8443762438038794, 0.5357506499292849]], "target": [-0.7014979670252934, 0.7126714546404818], "inputs": [0, 1], "outputs": [0, 1], "time_start": null, "time_complete": null, "actions": null}, {"designers": [2, 3], "num_inputs": [1, 1], "num_outputs": [1, 1], "coupling": [[-0.736990482177764, -0.6759031211493159], [-0.6759031211493158, 0.7369904821777641]], "target": [0.5790280806010333, 0.8153075995447876], "inputs": [2, 3], "outputs": [2, 3], "time_start": null, "time_complete": null, "actions": null}]}]}