{"name": "experiment008", "num_designers": 4, "error_tol": 0.05, "training": [{"name": "Training Task 1/5 (Individual)", "assignments": [[0], [1], [2], [3]], "tasks": [{"designers": [0], "num_inputs": [1], "num_outputs": [1], "coupling": [[1.0]], "target": [1.0], "inputs": [0], "outputs": [0], "time_start": null, "time_complete": null, "actions": null, "score": null}, {"designers": [1], "num_inputs": [1], "num_outputs": [1], "coupling": [[1.0]], "target": [1.0], "inputs": [1], "outputs": [1], "time_start": null, "time_complete": null, "actions": null, "score": null}, {"designers": [2], "num_inputs": [1], "num_outputs": [1], "coupling": [[1.0]], "target": [1.0], "inputs": [2], "outputs": [2], "time_start": null, "time_complete": null, "actions": null, "score": null}, {"designers": [3], "num_inputs": [1], "num_outputs": [1], "coupling": [[1.0]], "target": [-1.0], "inputs": [3], "outputs": [3], "time_start": null, "time_complete": null, "actions": null, "score": null}]}, {"name": "Training Task 2/5 (Individual)", "assignments": [[0], [1], [2], [3]], "tasks": [{"designers": [0], "num_inputs": [2], "num_outputs": [2], "coupling": [[-0.4701376296472448, -0.8825931164413585], [-0.8825931164413585, 0.4701376296472448]], "target": [-0.26451892071421224, -0.964380495750608], "inputs": [0, 0], "outputs": [0, 0], "time_start": null, "time_complete": null, "actions": null, "score": null}, {"designers": [1], "num_inputs": [2], "num_outputs": [2], "coupling": [[-0.8867505418672601, -0.46224828447288013], [-0.46224828447288013, 0.88675054186726]], "target": [0.6720720116525511, -0.7404857940253096], "inputs": [1, 1], "outputs": [1, 1], "time_start": null, "time_complete": null, "actions": null, "score": null}, {"designers": [2], "num_inputs": [2], "num_outputs": [2], "coupling": [[-0.8853558577785201, -0.4649139760184252], [-0.4649139760184253, 0.8853558577785201]], "target": [0.7445460996700675, -0.667571049002344], "inputs": [2, 2], "outputs": [2, 2], "time_start": null, "time_complete": null, "actions": null, "score": null}, {"designers": [3], "num_inputs": [2], "num_outputs": [2], "coupling": [[-0.7486104115221812, -0.6630101445382194], [-0.6630101445382194, 0.7486104115221812]], "target": [-0.9995109500188122, -0.0312707657803784], "inputs": [3, 3], "outputs": [3, 3], "time_start": null, "time_complete": null, "actions": null, "score": null}]}, {"name": "Training Task 3/5 (Pair)", "assignments": [[0, 1], [2, 3]], "tasks": [{"designers": [0, 1], "num_inputs": [1, 1], "num_outputs": [1, 1], "coupling": [[-0.5472964561133772, -0.8369388204198308], [-0.8369388204198307, 0.5472964561133774]], "target": [0.3084762254561555, -0.9512320528285005], "inputs": [0, 1], "outputs": [0, 1], "time_start": null, "time_complete": null, "actions": null, "score": null}, {"designers": [2, 3], "num_inputs": [1, 1], "num_outputs": [1, 1], "coupling": [[-0.6044107267427553, -0.7966728772829503], [-0.7966728772829503, 0.6044107267427553]], "target": [-0.18335209766797833, 0.9830473072445456], "inputs": [2, 3], "outputs": [2, 3], "time_start": null, "time_complete": null, "actions": null, "score": null}]}, {"name": "Training Task 4/5 (Pair)", "assignments": [[0, 1], [2, 3]], "tasks": [{"designers": [0, 1], "num_inputs": [2, 1], "num_outputs": [2, 1], "coupling": [[-0.5881630225927691, 0.7923131491229783, -0.16218548819597622], [-0.5735806503276177, -0.5500434392927337, -0.6070069624483461], [-0.5701486616877083, -0.26399259197532443, 0.7779707031488171]], "target": [-0.7361700450733648, -0.6020465916311559, 0.3091820923695095], "inputs": [0, 0, 1], "outputs": [0, 0, 1], "time_start": null, "time_complete": null, "actions": null, "score": null}, {"designers": [2, 3], "num_inputs": [2, 1], "num_outputs": [2, 1], "coupling": [[-0.6969007559213553, 0.534397646583473, -0.47827658496134756], [-0.3436677041865367, -0.8341857005035297, -0.4313081568607191], [-0.6294615520390411, -0.13621076463143836, 0.7649998575837256]], "target": [-0.5005765603042678, -0.8389680285564525, -0.21343794024036006], "inputs": [2, 2, 3], "outputs": [2, 2, 3], "time_start": null, "time_complete": null, "actions": null, "score": null}]}, {"name": "Training Task 5/5 (Pair)", "assignments": [[1, 0], [3, 2]], "tasks": [{"designers": [1, 0], "num_inputs": [2, 1], "num_outputs": [2, 1], "coupling": [[-0.5673907755099079, 0.7557700429648913, 0.3269240737894819], [-0.49929795358906853, -5.307639348666168e-05, -0.8664303496096293], [-0.6548047505997753, -0.6548371090124181, 0.3773845508923548]], "target": [-0.1759950605868157, -0.08135924165831508, -0.9810231457238033], "inputs": [1, 1, 0], "outputs": [1, 1, 0], "time_start": null, "time_complete": null, "actions": null, "score": null}, {"designers": [3, 2], "num_inputs": [2, 1], "num_outputs": [2, 1], "coupling": [[-0.6881087911278136, 0.7220010145543603, -0.07225528738503309], [-0.579653261221479, -0.6068646096323136, -0.5437990826869088], [-0.4364726661864676, -0.33230991643087304, 0.8360991156039951]], "target": [-0.5113020393756831, 0.582074864898304, 0.6322650363446395], "inputs": [3, 3, 2], "outputs": [3, 3, 2], "time_start": null, "time_complete": null, "actions": null, "score": null}]}], "rounds": [{"name": "Staking System (Pair)", "assignments": [[0, 1], [2, 3]], "tasks": [{"designers": [0, 1], "num_inputs": [1, 1], "num_outputs": [1, 1], "coupling": [[-0.9134624892260268, -0.40692294206273394], [-0.40692294206273405, 0.9134624892260267]], "target": [-0.008937036239793361, -0.9999600638941781], "inputs": [0, 1], "outputs": [0, 1], "time_start": null, "time_complete": null, "actions": null, "score": null}, {"designers": [2, 3], "num_inputs": [1, 1], "num_outputs": [1, 1], "coupling": [[-0.35711581210193255, -0.9340601140969339], [-0.934060114096934, 0.35711581210193255]], "target": [-0.7859451253470655, 0.618296255805569], "inputs": [2, 3], "outputs": [2, 3], "time_start": null, "time_complete": null, "actions": null, "score": null}]}, {"name": "Unwritten Experience (Individual)", "assignments": [[0], [1], [2], [3]], "tasks": [{"designers": [0], "num_inputs": [3], "num_outputs": [3], "coupling": [[-0.5248431144708675, 0.8511184717621161, 0.01170693033377436], [-0.3901868518467127, -0.2283402711567322, -0.8919725002566063], [-0.7565011076254092, -0.47271351534876804, 0.451938056118467]], "target": [0.48130845608303163, 0.3551109488085473, -0.8013977689881983], "inputs": [0, 0, 0], "outputs": [0, 0, 0], "time_start": null, "time_complete": null, "actions": null, "score": null}, {"designers": [1], "num_inputs": [3], "num_outputs": [3], "coupling": [[-0.6421706726427451, 0.5991299581477121, -0.478184190921747], [-0.46342454081132417, -0.8003304026497511, -0.38040628486961303], [-0.610618147594205, -0.022683470731101985, 0.7916002387469406]], "target": [0.47521623325028073, 0.8144396018897891, 0.33295294942231196], "inputs": [1, 1, 1], "outputs": [1, 1, 1], "time_start": null, "time_complete": null, "actions": null, "score": null}, {"designers": [2], "num_inputs": [3], "num_outputs": [3], "coupling": [[-0.5001646050915212, 0.7888737544770943, -0.35709041895695787], [-0.6647619002145319, -0.6140635622009046, -0.4254615818147399], [-0.5549116901244803, 0.024579281404247175, 0.8315460751448734]], "target": [0.6550377781237862, -0.14869074740537136, 0.7408215512973997], "inputs": [2, 2, 2], "outputs": [2, 2, 2], "time_start": null, "time_complete": null, "actions": null, "score": null}, {"designers": [3], "num_inputs": [3], "num_outputs": [3], "coupling": [[-0.5543235428986097, 0.8025457988625447, 0.22055759002222686], [-0.6028868226757285, -0.2044808703088938, -0.7711777050211459], [-0.5738056193802027, -0.5604532223172568, 0.5971928472126111]], "target": [0.11489503080749319, -0.3449577551149373, -0.931559595024284], "inputs": [3, 3, 3], "outputs": [3, 3, 3], "time_start": null, "time_complete": null, "actions": null, "score": null}]}, {"name": "Hallowed Sign (Pair)", "assignments": [[1, 0], [3, 2]], "tasks": [{"designers": [1, 0], "num_inputs": [2, 1], "num_outputs": [2, 1], "coupling": [[-0.6327490337994072, -0.6822148074573614, -0.36634903672840663], [-0.5155051964237088, 0.01808197227535513, 0.8566956488384814], [-0.5778261439966776, 0.7309281762010191, -0.36312662880788865]], "target": [0.37627406498045035, -0.6462628414718004, -0.663899215058944], "inputs": [1, 1, 0], "outputs": [1, 1, 0], "time_start": null, "time_complete": null, "actions": null, "score": null}, {"designers": [3, 2], "num_inputs": [2, 1], "num_outputs": [2, 1], "coupling": [[-0.3501714740337113, -0.9358256168226458, 0.04012921219725463], [-0.8674411280258151, 0.3401531810978139, 0.36310012778617906], [-0.3534484802377279, 0.09233757787354178, -0.9308855695143673]], "target": [0.7166374228099388, -0.543264482757043, -0.4373722739304028], "inputs": [3, 3, 2], "outputs": [3, 3, 2], "time_start": null, "time_complete": null, "actions": null, "score": null}]}, {"name": "Thinkable Ink (Pair)", "assignments": [[0, 1], [2, 3]], "tasks": [{"designers": [0, 1], "num_inputs": [1, 1], "num_outputs": [1, 1], "coupling": [[0.1821124967905335, 0.9832777016248856], [0.9832777016248858, -0.18211249679053362]], "target": [0.7286130964574133, -0.6849255110380543], "inputs": [0, 1], "outputs": [0, 1], "time_start": null, "time_complete": null, "actions": null, "score": null}, {"designers": [2, 3], "num_inputs": [1, 1], "num_outputs": [1, 1], "coupling": [[-0.618002556112502, -0.7861760875519007], [-0.7861760875519008, 0.618002556112502]], "target": [-0.9999059796615974, 0.013712470126886804], "inputs": [2, 3], "outputs": [2, 3], "time_start": null, "time_complete": null, "actions": null, "score": null}]}, {"name": "Towering Test (Pair)", "assignments": [[0, 1], [2, 3]], "tasks": [{"designers": [0, 1], "num_inputs": [1, 1], "num_outputs": [1, 1], "coupling": [[-0.7758652177196733, -0.6308986954597421], [-0.6308986954597421, 0.7758652177196733]], "target": [0.48758142089046697, 0.8730775211872273], "inputs": [0, 1], "outputs": [0, 1], "time_start": null, "time_complete": null, "actions": null, "score": null}, {"designers": [2, 3], "num_inputs": [1, 1], "num_outputs": [1, 1], "coupling": [[-0.8821957965030561, -0.47088276315059385], [-0.47088276315059385, 0.8821957965030562]], "target": [0.44722648804474696, 0.8944207446113722], "inputs": [2, 3], "outputs": [2, 3], "time_start": null, "time_complete": null, "actions": null, "score": null}]}, {"name": "Better Behavior (Pair)", "assignments": [[0, 1], [2, 3]], "tasks": [{"designers": [0, 1], "num_inputs": [2, 1], "num_outputs": [2, 1], "coupling": [[-0.49471512054023126, -0.557818054565207, -0.6664052577148168], [-0.510252831968524, -0.4342891869953, 0.7423172835971571], [-0.7034905805886568, 0.7072707544215643, -0.06977881457137065]], "target": [0.2037766955808542, 0.939833776843189, 0.2742034468106018], "inputs": [0, 0, 1], "outputs": [0, 0, 1], "time_start": null, "time_complete": null, "actions": null, "score": null}, {"designers": [2, 3], "num_inputs": [2, 1], "num_outputs": [2, 1], "coupling": [[-0.27380009476231615, 0.9318044419947462, -0.238272931712786], [-0.6456571057374483, -0.36169397053031854, -0.6725357785967632], [-0.7128537086379562, -0.030297748445587868, 0.7006580025377857]], "target": [-0.08288402602125133, 0.578064835002959, -0.811770463101184], "inputs": [2, 2, 3], "outputs": [2, 2, 3], "time_start": null, "time_complete": null, "actions": null, "score": null}]}, {"name": "Chief Government (Pair)", "assignments": [[0, 1], [2, 3]], "tasks": [{"designers": [0, 1], "num_inputs": [2, 2], "num_outputs": [2, 2], "coupling": [[-0.533536453475511, 0.7746436484466793, -0.24022391113575456, -0.23991361623016108], [-0.4407486844294248, -0.5883339665559573, -0.3230092506135839, -0.596044264286065], [-0.4143695638901096, -0.1969720760164128, -0.4687287443157066, 0.7548464943573135], [-0.5910814787387819, -0.12244330519688414, 0.7862892984067081, 0.13183118642993583]], "target": [0.6625181412445267, 0.13380443069139586, 0.717403345871922, -0.1688150650298149], "inputs": [0, 0, 1, 1], "outputs": [0, 0, 1, 1], "time_start": null, "time_complete": null, "actions": null, "score": null}, {"designers": [2, 3], "num_inputs": [2, 2], "num_outputs": [2, 2], "coupling": [[-0.4741146526201469, -0.4674786581409173, 0.7306463572509543, -0.1511122132375685], [-0.4910541300806603, -0.37807941101121567, -0.6511508809633928, -0.43809169191019404], [-0.665154452137538, 0.7444690593303408, 0.05050045773016571, 0.02801924821357355], [-0.3027386534673356, -0.29031962188591093, -0.1990179253875213, 0.885695032287781]], "target": [0.535905567270754, -0.6498981735807594, 0.41407954855493373, 0.3449285642175006], "inputs": [2, 2, 3, 3], "outputs": [2, 2, 3, 3], "time_start": null, "time_complete": null, "actions": null, "score": null}]}, {"name": "Impolite Heat (Individual)", "assignments": [[0], [1], [2], [3]], "tasks": [{"designers": [0], "num_inputs": [4], "num_outputs": [4], "coupling": [[-0.6345927835183645, 0.7507903817937198, 0.15443784748455885, -0.09876615299175104], [-0.5153148869708948, -0.48224874300107945, 0.5286052555408631, 0.47166004807979106], [-0.5145406596367063, -0.4510987425722325, -0.3353828049015854, -0.6475154115592296], [-0.2588251841556592, 0.016120698795914587, -0.7643584298320126, 0.5903438302056362]], "target": [0.7075896676436784, -0.29910555007532524, 0.6389766602730882, 0.03951657607000979], "inputs": [0, 0, 0, 0], "outputs": [0, 0, 0, 0], "time_start": null, "time_complete": null, "actions": null, "score": null}, {"designers": [1], "num_inputs": [4], "num_outputs": [4], "coupling": [[-0.46642875040115067, -0.5630819897656187, -0.5086140019713943, -0.4546368777381084], [-0.3323521311709623, -0.4058447028114, -0.006899911157601033, 0.8513427801608842], [-0.6311908124027725, 0.7128670435519655, -0.2917652623309705, 0.09105914700209053], [-0.5230529992684002, -0.10024633768371917, 0.810022974934415, -0.24541599747313333]], "target": [0.6356805303820128, -0.5005391040374643, 0.5876570576042766, -0.005481903911900821], "inputs": [1, 1, 1, 1], "outputs": [1, 1, 1, 1], "time_start": null, "time_complete": null, "actions": null, "score": null}, {"designers": [2], "num_inputs": [4], "num_outputs": [4], "coupling": [[-0.6766597543659978, 0.6177169767154791, 0.1876550999298343, 0.35403795978561375], [-0.4559027527997805, -0.7751479465918227, 0.10811612886045989, 0.42380330763727103], [-0.493636209189085, -0.13252855241546757, 0.22255291950913472, -0.8301985749144908], [-0.3010108798504789, 0.002753246561740505, -0.950561236411686, -0.07627716353206795]], "target": [-0.3478919462289187, 0.4689173390782904, 0.7512987078078271, -0.3076328566767209], "inputs": [2, 2, 2, 2], "outputs": [2, 2, 2, 2], "time_start": null, "time_complete": null, "actions": null, "score": null}, {"designers": [3], "num_inputs": [4], "num_outputs": [4], "coupling": [[-0.5989165953816638, 0.396316417865027, -0.011952772524836437, -0.6957652908388285], [-0.5012604808355617, -0.6015726787017006, 0.6170327437536126, 0.07822298720996132], [-0.45864149413719535, -0.3900847468058202, -0.7764711454002978, 0.18594200850208412], [-0.42389246511885403, 0.5734784211107963, 0.12735888161257974, 0.6893601336095104]], "target": [0.5877881316793048, 0.6417632760749962, -0.28547167927229494, -0.40143608466591096], "inputs": [3, 3, 3, 3], "outputs": [3, 3, 3, 3], "time_start": null, "time_complete": null, "actions": null, "score": null}]}, {"name": "Flat Sleep (Individual)", "assignments": [[0], [1], [2], [3]], "tasks": [{"designers": [0], "num_inputs": [2], "num_outputs": [2], "coupling": [[-0.390116287256558, -0.920765595804469], [-0.920765595804469, 0.3901162872565581]], "target": [0.9872092194020234, 0.15943010107143524], "inputs": [0, 0], "outputs": [0, 0], "time_start": null, "time_complete": null, "actions": null, "score": null}, {"designers": [1], "num_inputs": [2], "num_outputs": [2], "coupling": [[0.10494334848339487, 0.9944782016761821], [0.994478201676182, -0.10494334848339468]], "target": [-0.679310531441538, -0.7338509398185816], "inputs": [1, 1], "outputs": [1, 1], "time_start": null, "time_complete": null, "actions": null, "score": null}, {"designers": [2], "num_inputs": [2], "num_outputs": [2], "coupling": [[-0.9246209703773055, -0.3808885153670682], [-0.3808885153670682, 0.9246209703773058]], "target": [0.12469452901399225, 0.9921951796063003], "inputs": [2, 2], "outputs": [2, 2], "time_start": null, "time_complete": null, "actions": null, "score": null}, {"designers": [3], "num_inputs": [2], "num_outputs": [2], "coupling": [[-0.49802668229537483, -0.8671617056361874], [-0.8671617056361874, 0.4980266822953749]], "target": [0.6667544005052948, 0.7452775116738898], "inputs": [3, 3], "outputs": [3, 3], "time_start": null, "time_complete": null, "actions": null, "score": null}]}, {"name": "Husky Verse (Pair)", "assignments": [[0, 1], [2, 3]], "tasks": [{"designers": [0, 1], "num_inputs": [2, 2], "num_outputs": [2, 2], "coupling": [[-0.3269809228318749, 0.41522163359005027, 0.5931678788702948, -0.607310743013279], [-0.5237433218294251, -0.5713558189475388, 0.5029013692750424, 0.38253846051757273], [-0.4786826799920475, -0.41053925758531684, -0.5436054586050866, -0.5539074969989861], [-0.6242109425656734, 0.576715736853864, -0.3158087801701471, 0.4219294637896513]], "target": [0.357416319967764, 0.548537891963325, 0.6891740178467475, -0.31048176826684043], "inputs": [0, 0, 1, 1], "outputs": [0, 0, 1, 1], "time_start": null, "time_complete": null, "actions": null, "score": null}, {"designers": [2, 3], "num_inputs": [2, 2], "num_outputs": [2, 2], "coupling": [[-0.48497834386411687, 0.5179728097229184, -0.6737055121140058, 0.20644867962224628], [-0.596049208176039, 0.389953098480509, 0.6908146037150228, -0.12424614968771945], [-0.45110875191986954, -0.46745460628659835, -0.2542199933475544, -0.7164909489903615], [-0.45389672983712165, -0.600938383226298, 0.06533193111818134, 0.6546621701189856]], "target": [0.6664473964636677, -0.014952161697671006, 0.6705757200562249, -0.32550346277488473], "inputs": [2, 2, 3, 3], "outputs": [2, 2, 3, 3], "time_start": null, "time_complete": null, "actions": null, "score": null}]}, {"name": "Noiseless Stone (Individual)", "assignments": [[0], [1], [2], [3]], "tasks": [{"designers": [0], "num_inputs": [3], "num_outputs": [3], "coupling": [[-0.682258643529262, 0.5416107657525464, 0.491101742768799], [-0.6401359787190302, -0.11802266140274413, -0.7591420026219353], [-0.3531983466538884, -0.8323030877128558, 0.42722651849411913]], "target": [-0.3843882548054822, 0.8657622888716547, 0.3204704802868893], "inputs": [0, 0, 0], "outputs": [0, 0, 0], "time_start": null, "time_complete": null, "actions": null, "score": null}, {"designers": [1], "num_inputs": [3], "num_outputs": [3], "coupling": [[-0.24523606889383245, -0.3003310986742954, -0.9217703085273414], [-0.7454093286217143, -0.5495141777886378, 0.3773580543899958], [-0.619858212268923, 0.7796379926468235, -0.08910890586471604]], "target": [-0.5204077214895448, 0.8494719305896132, 0.08702437908089918], "inputs": [1, 1, 1], "outputs": [1, 1, 1], "time_start": null, "time_complete": null, "actions": null, "score": null}, {"designers": [2], "num_inputs": [3], "num_outputs": [3], "coupling": [[-0.14729104515288127, 0.9884773106218294, 0.034899203480987455], [-0.15257297701156092, 0.012155431956482112, -0.9882174518595497], [-0.9772547440169332, -0.15088025669313676, 0.14902453971279894]], "target": [-0.7009769501102154, -0.5242338097591697, 0.4835392725721122], "inputs": [2, 2, 2], "outputs": [2, 2, 2], "time_start": null, "time_complete": null, "actions": null, "score": null}, {"designers": [3], "num_inputs": [3], "num_outputs": [3], "coupling": [[-0.5287538279943078, -0.4179884138114756, -0.7387185359125168], [-0.5317630050119992, -0.5152168633860313, 0.6721455870444049], [-0.6615493147770424, 0.7482227406341146, 0.05015211377399526]], "target": [0.2986845401480498, -0.2768704459951762, 0.9133073423612559], "inputs": [3, 3, 3], "outputs": [3, 3, 3], "time_start": null, "time_complete": null, "actions": null, "score": null}]}, {"name": "Arrogant Flame (Individual)", "assignments": [[0], [1], [2], [3]], "tasks": [{"designers": [0], "num_inputs": [4], "num_outputs": [4], "coupling": [[-0.32009212366301987, -0.5452666665709529, -0.5377023473288525, -0.5577647177552032], [-0.6464923626526528, -0.3867651853068329, 0.10339033893237208, 0.6494387994890755], [-0.5705921859474473, 0.7437046640237085, -0.34104933354170264, -0.07080453471252542], [-0.3924451741790219, 0.0005713760196616594, 0.7641151585875335, -0.5119711741981083]], "target": [0.5744808001588564, -0.6459723634515192, -0.4478936925584951, -0.2282164675741319], "inputs": [0, 0, 0, 0], "outputs": [0, 0, 0, 0], "time_start": null, "time_complete": null, "actions": null, "score": null}, {"designers": [1], "num_inputs": [4], "num_outputs": [4], "coupling": [[-0.4185125664621179, 0.10493684064834981, -0.8710440187665808, -0.23477182232755017], [-0.599715201598458, -0.6445823056344452, 0.307730944816476, -0.36077277313714057], [-0.4598049705693375, -0.0798542174488501, -0.026963497156341838, 0.8840111214325658], [-0.5037542036794754, 0.7530771638373838, 0.38191223179471984, -0.18234454965113786]], "target": [-0.22938709938814172, -0.02037445022615377, 0.8396220985948515, 0.49193614622576165], "inputs": [1, 1, 1, 1], "outputs": [1, 1, 1, 1], "time_start": null, "time_complete": null, "actions": null, "score": null}, {"designers": [2], "num_inputs": [4], "num_outputs": [4], "coupling": [[-0.6043904564747978, 0.7107302232092974, 0.27362052927721886, -0.23389427504131585], [-0.19479150789349325, -0.5082162848863357, 0.8365973082746894, -0.062268932995956754], [-0.7628372874177439, -0.45902636727598267, -0.45301275928909945, 0.046405893934173596], [-0.12185121049831056, 0.16085257765608868, 0.14147858377463274, 0.9691555814700821]], "target": [0.9492784753562897, 0.14417542493405455, -0.2708049616496092, -0.06890933040072804], "inputs": [2, 2, 2, 2], "outputs": [2, 2, 2, 2], "time_start": null, "time_complete": null, "actions": null, "score": null}, {"designers": [3], "num_inputs": [4], "num_outputs": [4], "coupling": [[-0.4258338899885366, 0.5882537715800854, -0.04887814861900737, -0.6857360461187776], [-0.5807958343913117, -0.4403722217702891, -0.683920350761553, 0.0316458348127191], [-0.3201612702388474, 0.6051846164880335, -0.08428947190839489, 0.7239776418720978], [-0.6154985442143466, -0.306237467467872, 0.7230208609211604, 0.06797786596906608]], "target": [-0.2409474432578247, 0.04260351873910684, -0.8739975363729723, -0.41983041361070866], "inputs": [3, 3, 3, 3], "outputs": [3, 3, 3, 3], "time_start": null, "time_complete": null, "actions": null, "score": null}]}, {"name": "Economic Motion (Individual)", "assignments": [[0], [1], [2], [3]], "tasks": [{"designers": [0], "num_inputs": [2], "num_outputs": [2], "coupling": [[-0.13723648427346924, -0.9905383119214816], [-0.9905383119214815, 0.1372364842734693]], "target": [-0.15076261531573776, 0.9885699943975432], "inputs": [0, 0], "outputs": [0, 0], "time_start": null, "time_complete": null, "actions": null, "score": null}, {"designers": [1], "num_inputs": [2], "num_outputs": [2], "coupling": [[-0.7834012074682217, -0.6215163297430991], [-0.6215163297430991, 0.7834012074682214]], "target": [-0.9386248942498701, 0.3449395713663773], "inputs": [1, 1], "outputs": [1, 1], "time_start": null, "time_complete": null, "actions": null, "score": null}, {"designers": [2], "num_inputs": [2], "num_outputs": [2], "coupling": [[-0.5676922507215572, -0.8232408569007569], [-0.8232408569007569, 0.5676922507215573]], "target": [-0.6109282454456291, 0.7916859724137629], "inputs": [2, 2], "outputs": [2, 2], "time_start": null, "time_complete": null, "actions": null, "score": null}, {"designers": [3], "num_inputs": [2], "num_outputs": [2], "coupling": [[-0.4345610285242402, -0.9006423887914419], [-0.9006423887914417, 0.4345610285242404]], "target": [-0.5742726224519821, 0.8186641283836267], "inputs": [3, 3], "outputs": [3, 3], "time_start": null, "time_complete": null, "actions": null, "score": null}]}]}