{"name": "experiment007", "num_designers": 4, "error_tol": 0.05, "training": [{"name": "Training Task 1/5 (Individual)", "assignments": [[0], [1], [2], [3]], "tasks": [{"designers": [0], "num_inputs": [1], "num_outputs": [1], "coupling": [[1.0]], "target": [-1.0], "inputs": [0], "outputs": [0], "time_start": null, "time_complete": null, "actions": null, "score": null}, {"designers": [1], "num_inputs": [1], "num_outputs": [1], "coupling": [[1.0]], "target": [-1.0], "inputs": [1], "outputs": [1], "time_start": null, "time_complete": null, "actions": null, "score": null}, {"designers": [2], "num_inputs": [1], "num_outputs": [1], "coupling": [[1.0]], "target": [1.0], "inputs": [2], "outputs": [2], "time_start": null, "time_complete": null, "actions": null, "score": null}, {"designers": [3], "num_inputs": [1], "num_outputs": [1], "coupling": [[1.0]], "target": [-1.0], "inputs": [3], "outputs": [3], "time_start": null, "time_complete": null, "actions": null, "score": null}]}, {"name": "Training Task 2/5 (Individual)", "assignments": [[0], [1], [2], [3]], "tasks": [{"designers": [0], "num_inputs": [2], "num_outputs": [2], "coupling": [[-0.6366191596045991, -0.7711783487782409], [-0.7711783487782409, 0.636619159604599]], "target": [0.22296094730114113, 0.9748273775282359], "inputs": [0, 0], "outputs": [0, 0], "time_start": null, "time_complete": null, "actions": null, "score": null}, {"designers": [1], "num_inputs": [2], "num_outputs": [2], "coupling": [[-0.8010006406329884, -0.5986634895377725], [-0.5986634895377725, 0.8010006406329883]], "target": [-0.8977276049683529, 0.4405509587752422], "inputs": [1, 1], "outputs": [1, 1], "time_start": null, "time_complete": null, "actions": null, "score": null}, {"designers": [2], "num_inputs": [2], "num_outputs": [2], "coupling": [[-0.7738796557161818, -0.6333326759836442], [-0.6333326759836441, 0.7738796557161819]], "target": [-0.3234219149253219, -0.9462548625745801], "inputs": [2, 2], "outputs": [2, 2], "time_start": null, "time_complete": null, "actions": null, "score": null}, {"designers": [3], "num_inputs": [2], "num_outputs": [2], "coupling": [[-0.8665265977638973, -0.49913090003297217], [-0.4991309000329722, 0.8665265977638974]], "target": [0.4145613068835925, 0.910021385921764], "inputs": [3, 3], "outputs": [3, 3], "time_start": null, "time_complete": null, "actions": null, "score": null}]}, {"name": "Training Task 3/5 (Pair)", "assignments": [[0, 1], [2, 3]], "tasks": [{"designers": [0, 1], "num_inputs": [1, 1], "num_outputs": [1, 1], "coupling": [[-0.9260344719154303, -0.37743894449872284], [-0.37743894449872284, 0.9260344719154304]], "target": [0.7399850219214266, 0.6726233472991743], "inputs": [0, 1], "outputs": [0, 1], "time_start": null, "time_complete": null, "actions": null, "score": null}, {"designers": [2, 3], "num_inputs": [1, 1], "num_outputs": [1, 1], "coupling": [[-0.8907189172210215, -0.4545545187374242], [-0.45455451873742425, 0.8907189172210214]], "target": [0.7746363102414253, -0.6324069788162924], "inputs": [2, 3], "outputs": [2, 3], "time_start": null, "time_complete": null, "actions": null, "score": null}]}, {"name": "Training Task 4/5 (Pair)", "assignments": [[0, 1], [2, 3]], "tasks": [{"designers": [0, 1], "num_inputs": [2, 1], "num_outputs": [2, 1], "coupling": [[-0.3246740037156087, 0.6658469159377822, -0.6717400359122725], [-0.4644376514714492, -0.7309297343794477, -0.5000393897441229], [-0.8239444515299336, 0.14963157399470867, 0.5465582611734122]], "target": [0.7678998485393547, -0.15493551065925382, -0.6215503279300821], "inputs": [0, 0, 1], "outputs": [0, 0, 1], "time_start": null, "time_complete": null, "actions": null, "score": null}, {"designers": [2, 3], "num_inputs": [2, 1], "num_outputs": [2, 1], "coupling": [[-0.727543072582666, 0.6638176840107181, -0.17328346698868863], [-0.3734283390913121, -0.5950502849666323, -0.7116645515442187], [-0.5755278908102346, -0.45305765720907565, 0.6808130478653786]], "target": [-0.6766537001747468, 0.3507031331299858, -0.6474156952473701], "inputs": [2, 2, 3], "outputs": [2, 2, 3], "time_start": null, "time_complete": null, "actions": null, "score": null}]}, {"name": "Training Task 5/5 (Pair)", "assignments": [[1, 0], [3, 2]], "tasks": [{"designers": [1, 0], "num_inputs": [2, 1], "num_outputs": [2, 1], "coupling": [[-0.3814098543341785, 0.41174795994122687, 0.8276413114997452], [-0.6637463922370618, 0.5011768609949964, -0.5552139054413948], [-0.64340286742372, -0.7611079893730185, 0.08214242937419765]], "target": [0.60130039778523, -0.40980593665824283, -0.6859277847579762], "inputs": [1, 1, 0], "outputs": [1, 1, 0], "time_start": null, "time_complete": null, "actions": null, "score": null}, {"designers": [3, 2], "num_inputs": [2, 1], "num_outputs": [2, 1], "coupling": [[-0.5729880322080705, 0.8186700910800697, -0.03826221265523263], [-0.6184842600164918, -0.46256625649606253, -0.6352241167202896], [-0.5377377939648432, -0.34031124037000304, 0.7713794945548229]], "target": [-0.6575071994606889, -0.742679893991195, 0.12692855359842783], "inputs": [3, 3, 2], "outputs": [3, 3, 2], "time_start": null, "time_complete": null, "actions": null, "score": null}]}], "rounds": [{"name": "Noiseless Stone (Individual)", "assignments": [[0], [1], [2], [3]], "tasks": [{"designers": [0], "num_inputs": [3], "num_outputs": [3], "coupling": [[-0.5501127983941021, 0.295339298373397, 0.7811213784549235], [-0.7730204388033103, 0.17378215013994172, -0.6101140594061706], [-0.3159356109009353, -0.939454343291385, 0.13270352910003794]], "target": [0.1329249371042429, 0.7365365454213197, -0.6632080204239553], "inputs": [0, 0, 0], "outputs": [0, 0, 0], "time_start": null, "time_complete": null, "actions": null, "score": null}, {"designers": [1], "num_inputs": [3], "num_outputs": [3], "coupling": [[-0.5372217509412857, 0.7985169971659398, 0.27159417437174355], [-0.3474140679756971, 0.08392630820209526, -0.9339485211531438], [-0.7685676650029956, -0.5960930967799046, 0.2323290000907897]], "target": [0.504283612989997, -0.39774970534987353, -0.766481056232862], "inputs": [1, 1, 1], "outputs": [1, 1, 1], "time_start": null, "time_complete": null, "actions": null, "score": null}, {"designers": [2], "num_inputs": [3], "num_outputs": [3], "coupling": [[-0.6866684423123683, 0.6469334938044666, -0.33160745607759096], [-0.6918948859749998, -0.7215644548013489, 0.02502407498537473], [-0.2230872409931758, 0.24662074560177955, 0.9430855161356655]], "target": [-0.0982706299910967, 0.8414841729069461, -0.5312694890808858], "inputs": [2, 2, 2], "outputs": [2, 2, 2], "time_start": null, "time_complete": null, "actions": null, "score": null}, {"designers": [3], "num_inputs": [3], "num_outputs": [3], "coupling": [[-0.6190831534557673, 0.5925230179449219, -0.5154149030758658], [-0.4696872157364172, -0.8053483996750134, -0.3616737127780594], [-0.6293885671674014, 0.018177688146062333, 0.776878113459653]], "target": [0.31772959332239337, -0.17758083607197972, -0.9314037535822816], "inputs": [3, 3, 3], "outputs": [3, 3, 3], "time_start": null, "time_complete": null, "actions": null, "score": null}]}, {"name": "Flat Sleep (Individual)", "assignments": [[0], [1], [2], [3]], "tasks": [{"designers": [0], "num_inputs": [2], "num_outputs": [2], "coupling": [[0.6404393744026665, 0.7680087289313322], [0.7680087289313325, -0.6404393744026667]], "target": [0.9422484052150542, -0.33491482927706756], "inputs": [0, 0], "outputs": [0, 0], "time_start": null, "time_complete": null, "actions": null, "score": null}, {"designers": [1], "num_inputs": [2], "num_outputs": [2], "coupling": [[-0.5436552819196081, -0.83930860500826], [-0.8393086050082601, 0.5436552819196082]], "target": [-0.13276806960419107, 0.9911471332216911], "inputs": [1, 1], "outputs": [1, 1], "time_start": null, "time_complete": null, "actions": null, "score": null}, {"designers": [2], "num_inputs": [2], "num_outputs": [2], "coupling": [[-0.7269087151197982, -0.6867340969275402], [-0.6867340969275402, 0.7269087151197982]], "target": [0.17788862234088731, 0.9840506277837849], "inputs": [2, 2], "outputs": [2, 2], "time_start": null, "time_complete": null, "actions": null, "score": null}, {"designers": [3], "num_inputs": [2], "num_outputs": [2], "coupling": [[-0.9384903374118287, -0.3453054974723577], [-0.34530549747235767, 0.9384903374118285]], "target": [-0.5599488230705125, -0.8285271966217812], "inputs": [3, 3], "outputs": [3, 3], "time_start": null, "time_complete": null, "actions": null, "score": null}]}, {"name": "Staking System (Pair)", "assignments": [[0, 1], [2, 3]], "tasks": [{"designers": [0, 1], "num_inputs": [1, 1], "num_outputs": [1, 1], "coupling": [[-0.7026749805575576, -0.7115109779184267], [-0.7115109779184267, 0.7026749805575577]], "target": [-0.8767372493284737, 0.4809696410792907], "inputs": [0, 1], "outputs": [0, 1], "time_start": null, "time_complete": null, "actions": null, "score": null}, {"designers": [2, 3], "num_inputs": [1, 1], "num_outputs": [1, 1], "coupling": [[-0.7376274697228148, -0.675207905692993], [-0.675207905692993, 0.7376274697228148]], "target": [-0.9979793941977222, -0.06353840379445196], "inputs": [2, 3], "outputs": [2, 3], "time_start": null, "time_complete": null, "actions": null, "score": null}]}, {"name": "Towering Test (Pair)", "assignments": [[0, 1], [2, 3]], "tasks": [{"designers": [0, 1], "num_inputs": [1, 1], "num_outputs": [1, 1], "coupling": [[-0.5336798995724267, -0.8456865641550445], [-0.8456865641550445, 0.5336798995724268]], "target": [0.7426870870192708, 0.6696386270032744], "inputs": [0, 1], "outputs": [0, 1], "time_start": null, "time_complete": null, "actions": null, "score": null}, {"designers": [2, 3], "num_inputs": [1, 1], "num_outputs": [1, 1], "coupling": [[-0.3264339657172878, -0.9452200093237997], [-0.9452200093237998, 0.3264339657172879]], "target": [-0.6465630858931481, -0.7628605219568839], "inputs": [2, 3], "outputs": [2, 3], "time_start": null, "time_complete": null, "actions": null, "score": null}]}, {"name": "Unwritten Experience (Individual)", "assignments": [[0], [1], [2], [3]], "tasks": [{"designers": [0], "num_inputs": [3], "num_outputs": [3], "coupling": [[-0.89763946504269, 0.4164317924426308, 0.1443189282141844], [-0.4191137530917808, -0.7052566682525645, -0.5718012712950316], [-0.1363343418482482, -0.5737574349220325, 0.8075985098453904]], "target": [0.6432264834666124, -0.7357120134050915, 0.21210262680740707], "inputs": [0, 0, 0], "outputs": [0, 0, 0], "time_start": null, "time_complete": null, "actions": null, "score": null}, {"designers": [1], "num_inputs": [3], "num_outputs": [3], "coupling": [[-0.5915784866743777, -0.2634280085142899, -0.761997754874808], [-0.702716004872655, -0.29486412657739375, 0.6474915932686427], [-0.3952532233895985, 0.9185101149078031, -0.01067980393950481]], "target": [0.6788612301830785, -0.06201992964672692, 0.7316426439737724], "inputs": [1, 1, 1], "outputs": [1, 1, 1], "time_start": null, "time_complete": null, "actions": null, "score": null}, {"designers": [2], "num_inputs": [3], "num_outputs": [3], "coupling": [[-0.4983584457382062, -0.10815537973836142, -0.8601983918812279], [-0.604654559915603, -0.6676913626807559, 0.4342592628543275], [-0.6213145119298827, 0.7365396513665553, 0.2673529862002023]], "target": [0.41512243098818624, 0.6876099074040504, -0.5957062888120724], "inputs": [2, 2, 2], "outputs": [2, 2, 2], "time_start": null, "time_complete": null, "actions": null, "score": null}, {"designers": [3], "num_inputs": [3], "num_outputs": [3], "coupling": [[-0.5331853983669409, -0.7300113324362145, 0.42754740729302637], [-0.5173915303768478, 0.6812233827657296, 0.5179195951762393], [-0.6693424648583037, 0.05493775830809546, -0.7409200411984357]], "target": [0.4184250118925743, -0.3899690042081485, 0.8202711046840577], "inputs": [3, 3, 3], "outputs": [3, 3, 3], "time_start": null, "time_complete": null, "actions": null, "score": null}]}, {"name": "Thinkable Ink (Pair)", "assignments": [[0, 1], [2, 3]], "tasks": [{"designers": [0, 1], "num_inputs": [1, 1], "num_outputs": [1, 1], "coupling": [[-0.483631975383421, -0.875271450686431], [-0.8752714506864309, 0.48363197538342134]], "target": [-0.6433464260210562, 0.7655751929927808], "inputs": [0, 1], "outputs": [0, 1], "time_start": null, "time_complete": null, "actions": null, "score": null}, {"designers": [2, 3], "num_inputs": [1, 1], "num_outputs": [1, 1], "coupling": [[0.7135356802903868, 0.7006188928030236], [0.7006188928030236, -0.713535680290387]], "target": [-0.9813042977407482, -0.19246265932781992], "inputs": [2, 3], "outputs": [2, 3], "time_start": null, "time_complete": null, "actions": null, "score": null}]}, {"name": "Hallowed Sign (Pair)", "assignments": [[1, 0], [3, 2]], "tasks": [{"designers": [1, 0], "num_inputs": [2, 1], "num_outputs": [2, 1], "coupling": [[-0.11901392607691655, 0.8433334239026853, 0.5240462017115785], [-0.8146801910513083, 0.21876157583651584, -0.5370656936037974], [-0.5675666231451264, -0.49084835648711134, 0.6610113608899169]], "target": [-0.3911079656112664, 0.8333642590837533, 0.39056186567201256], "inputs": [1, 1, 0], "outputs": [1, 1, 0], "time_start": null, "time_complete": null, "actions": null, "score": null}, {"designers": [3, 2], "num_inputs": [2, 1], "num_outputs": [2, 1], "coupling": [[-0.39143244973490987, -0.7209574262646479, -0.5718400360313906], [-0.6230614219920149, -0.2496607322167962, 0.7412583781747508], [-0.6771817346324512, 0.6464440488571528, -0.3514754471899228]], "target": [0.2480089963536447, -0.4456162261669548, 0.8601846991805764], "inputs": [3, 3, 2], "outputs": [3, 3, 2], "time_start": null, "time_complete": null, "actions": null, "score": null}]}, {"name": "Economic Motion (Individual)", "assignments": [[0], [1], [2], [3]], "tasks": [{"designers": [0], "num_inputs": [2], "num_outputs": [2], "coupling": [[-0.3092530091920056, -0.9509797980534022], [-0.950979798053402, 0.3092530091920055]], "target": [-0.8890036909593915, -0.457900029985344], "inputs": [0, 0], "outputs": [0, 0], "time_start": null, "time_complete": null, "actions": null, "score": null}, {"designers": [1], "num_inputs": [2], "num_outputs": [2], "coupling": [[-0.2872627851792116, -0.9578518112166835], [-0.9578518112166835, 0.287262785179212]], "target": [-0.5645908096026446, 0.8253709576379765], "inputs": [1, 1], "outputs": [1, 1], "time_start": null, "time_complete": null, "actions": null, "score": null}, {"designers": [2], "num_inputs": [2], "num_outputs": [2], "coupling": [[-0.9720815969091798, -0.23464306712643251], [-0.23464306712643257, 0.9720815969091794]], "target": [0.726347128228376, -0.6873280507257005], "inputs": [2, 2], "outputs": [2, 2], "time_start": null, "time_complete": null, "actions": null, "score": null}, {"designers": [3], "num_inputs": [2], "num_outputs": [2], "coupling": [[-0.5676808983391213, -0.8232486851862493], [-0.8232486851862493, 0.5676808983391214]], "target": [0.14317291103534102, -0.9896976899769272], "inputs": [3, 3], "outputs": [3, 3], "time_start": null, "time_complete": null, "actions": null, "score": null}]}, {"name": "Impolite Heat (Individual)", "assignments": [[0], [1], [2], [3]], "tasks": [{"designers": [0], "num_inputs": [4], "num_outputs": [4], "coupling": [[-0.5840406216764876, -0.7003665820407717, -0.08258817024360529, -0.40194825180373983], [-0.4774257738442221, 0.022533715556678647, -0.4591930251946902, 0.7487981221564366], [-0.6471380433981209, 0.6611563124857065, 0.2696848786213976, -0.2671230980093578], [-0.11033374591592447, -0.26805076549795714, 0.8423722609341573, 0.45429530664183143]], "target": [0.8482508052607289, -0.35836665352702873, -0.1527940129037886, 0.35874489910676116], "inputs": [0, 0, 0, 0], "outputs": [0, 0, 0, 0], "time_start": null, "time_complete": null, "actions": null, "score": null}, {"designers": [1], "num_inputs": [4], "num_outputs": [4], "coupling": [[-0.34032591859408895, -0.25726129921814406, 0.7679457891970621, 0.4777595189132116], [-0.4653690882941246, -0.7506931723529924, -0.1913902504938156, -0.4280901127786187], [-0.6155411881875722, 0.5938270301332603, 0.21845118880199976, -0.46984846710267913], [-0.5373257172684159, 0.1328376572749819, -0.5708836264786447, 0.6064050753335334]], "target": [0.633345752647132, -0.07655941518110694, 0.5685340014154151, 0.5194043730905059], "inputs": [1, 1, 1, 1], "outputs": [1, 1, 1, 1], "time_start": null, "time_complete": null, "actions": null, "score": null}, {"designers": [2], "num_inputs": [4], "num_outputs": [4], "coupling": [[-0.5320606031405481, 0.5805910054630032, -0.6102992495239905, 0.08579291923945714], [-0.5250376746933596, 0.32188050045542405, 0.7185019091589981, -0.3232389056317791], [-0.19870996816795897, -0.4100513879741457, -0.33290776796333943, -0.8255571608319031], [-0.6338464351000132, -0.625431760484308, 0.02150001383708978, 0.4545454422755872]], "target": [0.44715650037247534, 0.27675745407382263, 0.5734521427121452, 0.6281791271668187], "inputs": [2, 2, 2, 2], "outputs": [2, 2, 2, 2], "time_start": null, "time_complete": null, "actions": null, "score": null}, {"designers": [3], "num_inputs": [4], "num_outputs": [4], "coupling": [[-0.6874653571889804, 0.701863679604234, -0.17105262236356933, -0.07429507587975998], [-0.5920980985258248, -0.40186238570842797, 0.6931308409294561, 0.08658003249744461], [-0.20556281933530146, -0.3604449607398961, -0.27629404954714165, -0.8668823194465202], [-0.3668176000331125, -0.4647294142642051, -0.643406742208856, 0.48528258149637243]], "target": [-0.3940246069291944, 0.9046390926519863, -0.14368976252863394, 0.0756701613884213], "inputs": [3, 3, 3, 3], "outputs": [3, 3, 3, 3], "time_start": null, "time_complete": null, "actions": null, "score": null}]}, {"name": "Chief Government (Pair)", "assignments": [[0, 1], [2, 3]], "tasks": [{"designers": [0, 1], "num_inputs": [2, 2], "num_outputs": [2, 2], "coupling": [[-0.5065656642924173, 0.409882389086734, 0.010065430070509994, -0.7584763292246031], [-0.5156744952838233, 0.13830396173712015, 0.7287448188737318, 0.42881559911724687], [-0.3369573577141468, -0.9006742754231213, 0.0858070888590011, -0.2605431483936583], [-0.6032667583714986, 0.04067297475479536, -0.6793134913894551, 0.4158703016383934]], "target": [-0.20200248382561492, 0.19421421999346286, 0.5228317745040356, -0.8050607237032334], "inputs": [0, 0, 1, 1], "outputs": [0, 0, 1, 1], "time_start": null, "time_complete": null, "actions": null, "score": null}, {"designers": [2, 3], "num_inputs": [2, 2], "num_outputs": [2, 2], "coupling": [[-0.4032612500161953, 0.8884625575586416, 0.17337540675163224, 0.13399856859473747], [-0.7552288274422789, -0.435766558787479, 0.4893457678797783, -0.016662649874166977], [-0.39511317649660244, 0.04220437184117428, -0.595972776945874, -0.6977971180047103], [-0.3330095497043601, -0.1376974257434306, -0.6126158151168469, 0.7034528568554205]], "target": [-0.41142318189769433, 0.6475476866097752, -0.5560068502046503, 0.31979578091183203], "inputs": [2, 2, 3, 3], "outputs": [2, 2, 3, 3], "time_start": null, "time_complete": null, "actions": null, "score": null}]}, {"name": "Better Behavior (Pair)", "assignments": [[0, 1], [2, 3]], "tasks": [{"designers": [0, 1], "num_inputs": [2, 1], "num_outputs": [2, 1], "coupling": [[-0.6331109333381068, 0.36755438674184143, 0.6812300043851415], [-0.641977481572513, 0.2423779169451021, -0.7274048793699193], [-0.4324759637732071, -0.8978623046793877, 0.08250953032379715]], "target": [-0.16891374126207825, 0.14325779526571422, -0.9751642692943864], "inputs": [0, 0, 1], "outputs": [0, 0, 1], "time_start": null, "time_complete": null, "actions": null, "score": null}, {"designers": [2, 3], "num_inputs": [2, 1], "num_outputs": [2, 1], "coupling": [[-0.5903943182352224, -0.8042667352337418, 0.06774634744416337], [-0.6913037316442313, 0.5472172463822057, 0.4718606106432671], [-0.4165737625083075, 0.23175052072937094, -0.8790665484087865]], "target": [0.7372112004711822, -0.2642149432357494, 0.6218602010667417], "inputs": [2, 2, 3], "outputs": [2, 2, 3], "time_start": null, "time_complete": null, "actions": null, "score": null}]}, {"name": "Arrogant Flame (Individual)", "assignments": [[0], [1], [2], [3]], "tasks": [{"designers": [0], "num_inputs": [4], "num_outputs": [4], "coupling": [[-0.4585789004446689, -0.7205819355799807, -0.16775141482858044, 0.49226672547083317], [-0.5079133069973067, -0.07626418725569105, 0.7991030507181981, -0.31247745622709633], [-0.4390988936005231, 0.6781623655931116, 0.01598555745897393, 0.5890945844978356], [-0.582169757270862, 0.1226427892343966, -0.5770946535089403, -0.5594630290371196]], "target": [-0.39085393186454054, 0.41495946143225665, -0.8112612463259904, -0.1299886130531495], "inputs": [0, 0, 0, 0], "outputs": [0, 0, 0, 0], "time_start": null, "time_complete": null, "actions": null, "score": null}, {"designers": [1], "num_inputs": [4], "num_outputs": [4], "coupling": [[-0.5778006653807354, -0.4146538232065727, -0.7024396296495385, -0.028056455292344965], [-0.4965949414278871, 0.3476256679017641, 0.23364024045591583, -0.7602381845210009], [-0.5102272627842053, -0.4326905460404941, 0.6615830902426946, 0.3387548470263465], [-0.3990087662515078, 0.7211085169953304, -0.11957683489057425, 0.5536207110728407]], "target": [-0.9474514759588608, -0.23785402330450006, -0.11574330666250246, 0.17990178227040515], "inputs": [1, 1, 1, 1], "outputs": [1, 1, 1, 1], "time_start": null, "time_complete": null, "actions": null, "score": null}, {"designers": [2], "num_inputs": [4], "num_outputs": [4], "coupling": [[-0.48699664022337125, -0.22339694107666302, -0.8101949829960043, 0.23772288206405845], [-0.431691201299206, -0.40918262265250516, 0.1400472872800297, -0.7915800940938134], [-0.6300525554440335, -0.13492468111913936, 0.5666141927139658, 0.5135927028477357], [-0.4236870974085009, 0.8743332994125902, -0.05402965360530383, -0.23045893681769952]], "target": [0.2839348911209041, 0.4338802604166796, -0.4944358763844163, 0.6976116837961422], "inputs": [2, 2, 2, 2], "outputs": [2, 2, 2, 2], "time_start": null, "time_complete": null, "actions": null, "score": null}, {"designers": [3], "num_inputs": [4], "num_outputs": [4], "coupling": [[-0.3167717152068522, 0.2961916441288025, -0.9010690220199068, -0.0008988599858597795], [-0.5500628478015985, -0.37783619688163017, 0.06991574055594517, -0.7414731694518251], [-0.6335065135294589, -0.3741621693183865, 0.099050155333652, 0.6699710703419124], [-0.4424432632881343, 0.7934185461187946, 0.41638380552920384, -0.03681706042995361]], "target": [-0.5501302243124877, -0.5918992745055924, 0.25499949716351245, -0.531024709014563], "inputs": [3, 3, 3, 3], "outputs": [3, 3, 3, 3], "time_start": null, "time_complete": null, "actions": null, "score": null}]}, {"name": "Husky Verse (Pair)", "assignments": [[0, 1], [2, 3]], "tasks": [{"designers": [0, 1], "num_inputs": [2, 2], "num_outputs": [2, 2], "coupling": [[-0.5796859393175462, 0.6085370665854986, -0.4431247786566626, -0.3119090907452596], [-0.3597305837240793, 0.2864163070393898, 0.26801532699576214, 0.8465975376120616], [-0.6382062194652575, -0.34960997395230436, 0.5949830871168639, -0.3412635544470273], [-0.3567224976461821, -0.6522432090612399, -0.6146570922723705, 0.26367501744731214]], "target": [0.5231767826117075, 0.5314122171006961, -0.5983640892890006, 0.2929974851454013], "inputs": [0, 0, 1, 1], "outputs": [0, 0, 1, 1], "time_start": null, "time_complete": null, "actions": null, "score": null}, {"designers": [2, 3], "num_inputs": [2, 2], "num_outputs": [2, 2], "coupling": [[-0.4794790816524965, 0.7753100891250864, -0.021586440804323332, -0.4105217430684164], [-0.5218810033636359, -0.41642060893242144, 0.7129298698813222, -0.21439471872114124], [-0.5824841263090631, -0.4184771795742654, -0.6929476546453659, -0.07357065104388902], [-0.3980606375714773, 0.22442146139077265, 0.10530229876830223, 0.8832293939614613]], "target": [-0.37689744202582065, 0.5149523822468802, 0.21653075187377982, 0.7388415227270542], "inputs": [2, 2, 3, 3], "outputs": [2, 2, 3, 3], "time_start": null, "time_complete": null, "actions": null, "score": null}]}]}