{"name": "experiment007", "num_designers": 4, "error_tol": 0.05, "training": [{"name": "Training Task 1/5 (Individual)", "assignments": [[0], [1], [2], [3]], "tasks": [{"designers": [0], "num_inputs": [1], "num_outputs": [1], "coupling": [[1.0]], "target": [-1.0], "inputs": [0], "outputs": [0], "time_start": null, "time_complete": null, "actions": null, "score": null}, {"designers": [1], "num_inputs": [1], "num_outputs": [1], "coupling": [[1.0]], "target": [-1.0], "inputs": [1], "outputs": [1], "time_start": null, "time_complete": null, "actions": null, "score": null}, {"designers": [2], "num_inputs": [1], "num_outputs": [1], "coupling": [[1.0]], "target": [1.0], "inputs": [2], "outputs": [2], "time_start": null, "time_complete": null, "actions": null, "score": null}, {"designers": [3], "num_inputs": [1], "num_outputs": [1], "coupling": [[1.0]], "target": [-1.0], "inputs": [3], "outputs": [3], "time_start": null, "time_complete": null, "actions": null, "score": null}], "max_time": null}, {"name": "Training Task 2/5 (Individual)", "assignments": [[0], [1], [2], [3]], "tasks": [{"designers": [0], "num_inputs": [2], "num_outputs": [2], "coupling": [[-0.6366191596045991, -0.7711783487782409], [-0.7711783487782409, 0.636619159604599]], "target": [0.22296094730114113, 0.9748273775282359], "inputs": [0, 0], "outputs": [0, 0], "time_start": null, "time_complete": null, "actions": null, "score": null}, {"designers": [1], "num_inputs": [2], "num_outputs": [2], "coupling": [[-0.8010006406329884, -0.5986634895377725], [-0.5986634895377725, 0.8010006406329883]], "target": [-0.8977276049683529, 0.4405509587752422], "inputs": [1, 1], "outputs": [1, 1], "time_start": null, "time_complete": null, "actions": null, "score": null}, {"designers": [2], "num_inputs": [2], "num_outputs": [2], "coupling": [[-0.7738796557161818, -0.6333326759836442], [-0.6333326759836441, 0.7738796557161819]], "target": [-0.3234219149253219, -0.9462548625745801], "inputs": [2, 2], "outputs": [2, 2], "time_start": null, "time_complete": null, "actions": null, "score": null}, {"designers": [3], "num_inputs": [2], "num_outputs": [2], "coupling": [[-0.8665265977638973, -0.49913090003297217], [-0.4991309000329722, 0.8665265977638974]], "target": [0.4145613068835925, 0.910021385921764], "inputs": [3, 3], "outputs": [3, 3], "time_start": null, "time_complete": null, "actions": null, "score": null}], "max_time": null}, {"name": "Training Task 3/5 (Pair)", "assignments": [[0, 1], [2, 3]], "tasks": [{"designers": [0, 1], "num_inputs": [1, 1], "num_outputs": [1, 1], "coupling": [[-1, 0], [0, 1]], "target": [-0.5154434956449208, -0.8569235688189143], "inputs": [0, 1], "outputs": [0, 1], "time_start": null, "time_complete": null, "actions": null, "score": null}, {"designers": [2, 3], "num_inputs": [1, 1], "num_outputs": [1, 1], "coupling": [[-1, 0], [0, 1]], "target": [0.7399850219214266, 0.6726233472991743], "inputs": [2, 3], "outputs": [2, 3], "time_start": null, "time_complete": null, "actions": null, "score": null}], "max_time": null}, {"name": "Training Task 4/5 (Pair)", "assignments": [[0, 1], [2, 3]], "tasks": [{"designers": [0, 1], "num_inputs": [1, 1], "num_outputs": [1, 1], "coupling": [[-0.8907189172210215, -0.4545545187374242], [-0.45455451873742425, 0.8907189172210214]], "target": [0.7746363102414253, -0.6324069788162924], "inputs": [0, 1], "outputs": [0, 1], "time_start": null, "time_complete": null, "actions": null, "score": null}, {"designers": [2, 3], "num_inputs": [1, 1], "num_outputs": [1, 1], "coupling": [[-0.5323171599394085, -0.8465450024860122], [-0.846545002486012, 0.5323171599394085]], "target": [-0.8787046569956172, -0.47736581965429287], "inputs": [2, 3], "outputs": [2, 3], "time_start": null, "time_complete": null, "actions": null, "score": null}], "max_time": null}, {"name": "Training Task 5/5 (Pair)", "assignments": [[0, 1], [2, 3]], "tasks": [{"designers": [0, 1], "num_inputs": [2, 1], "num_outputs": [2, 1], "coupling": [[-0.6573668820062271, 0.6624467588113147, -0.35921174003892875], [-0.6144529192888012, -0.7471501357478996, -0.25340537608615454], [-0.4362526703859603, 0.05413840034835895, 0.8981940999521425]], "target": [-0.5963572914431421, 0.3353110088035758, -0.7293315489663992], "inputs": [0, 0, 1], "outputs": [0, 0, 1], "time_start": null, "time_complete": null, "actions": null, "score": null}, {"designers": [2, 3], "num_inputs": [2, 1], "num_outputs": [2, 1], "coupling": [[-0.7686017286899013, -0.30778449222794113, -0.5608209063496863], [-0.5363567078829103, -0.16777117987449677, 0.8271483017648804], [-0.3486730052124791, 0.936547669661031, -0.036133058112909115]], "target": [-0.38557048550123874, 0.388744412828361, 0.8367874175709578], "inputs": [2, 2, 3], "outputs": [2, 2, 3], "time_start": null, "time_complete": null, "actions": null, "score": null}], "max_time": null}], "rounds": [{"name": "Better Behavior (Pair)", "assignments": [[0, 1], [2, 3]], "tasks": [{"designers": [0, 1], "num_inputs": [2, 1], "num_outputs": [2, 1], "coupling": [[-0.6205048533819206, 0.023095935416245158, -0.7838624271495155], [-0.6645657559259345, -0.546145464911187, 0.5099779281572249], [-0.4163244924095532, 0.8373719059797702, 0.3542346794086304]], "target": [0.4035117787402409, -0.2964664640801297, -0.8656130082743165], "inputs": [0, 0, 1], "outputs": [0, 0, 1], "time_start": null, "time_complete": null, "actions": null, "score": null}, {"designers": [2, 3], "num_inputs": [2, 1], "num_outputs": [2, 1], "coupling": [[-0.7693806696642119, 0.5529153455904451, -0.31990311933091087], [-0.6122097697702583, -0.7811986568773533, 0.12217960668976832], [-0.1823529076952054, 0.2898504426486485, 0.9395393221954506]], "target": [-0.6990967420032694, -0.4218175687578634, -0.5773505728823862], "inputs": [2, 2, 3], "outputs": [2, 2, 3], "time_start": null, "time_complete": null, "actions": null, "score": null}], "max_time": 600000}, {"name": "Unwritten Experience (Individual)", "assignments": [[0], [1], [2], [3]], "tasks": [{"designers": [0], "num_inputs": [3], "num_outputs": [3], "coupling": [[-0.4945548711423335, 0.2640240996417686, -0.8280741236373367], [-0.6870541712164645, -0.7022862594174902, 0.18641506282338433], [-0.5323270096880738, 0.6611242580950594, 0.5287179494917971]], "target": [-0.31624412741525587, -0.7091705744067078, 0.630132326000677], "inputs": [0, 0, 0], "outputs": [0, 0, 0], "time_start": null, "time_complete": null, "actions": null, "score": null}, {"designers": [1], "num_inputs": [3], "num_outputs": [3], "coupling": [[-0.6809615665530262, 0.6754250496199663, -0.28300591376067447], [-0.7002754922855756, -0.7136407153244262, -0.01819792118445553], [-0.21425587455620176, 0.18579002066071015, 0.9589455085879749]], "target": [-0.3989628802331737, 0.5832407629019213, 0.7075724928836868], "inputs": [1, 1, 1], "outputs": [1, 1, 1], "time_start": null, "time_complete": null, "actions": null, "score": null}, {"designers": [2], "num_inputs": [3], "num_outputs": [3], "coupling": [[-0.4452759911977467, -0.5408937792113632, -0.7135567330446215], [-0.6105048385120756, -0.3995549778902104, 0.6838418397528023], [-0.6549909417817994, 0.7401281910950304, -0.15230603051156216]], "target": [0.6052231631968623, -0.37655863955526775, -0.7013618992405206], "inputs": [2, 2, 2], "outputs": [2, 2, 2], "time_start": null, "time_complete": null, "actions": null, "score": null}, {"designers": [3], "num_inputs": [3], "num_outputs": [3], "coupling": [[-0.4916820134202465, 0.8703190266918425, 0.028170719855500247], [-0.3849797055021015, -0.18824672171429613, -0.9035229925770211], [-0.7810502058322039, -0.45509115959550867, 0.4276126897409469]], "target": [-0.5990074502255016, 0.39021749440794207, -0.6992284187819678], "inputs": [3, 3, 3], "outputs": [3, 3, 3], "time_start": null, "time_complete": null, "actions": null, "score": null}], "max_time": 240000}, {"name": "Absorbed Copper (Pair)", "assignments": [[1, 0], [3, 2]], "tasks": [{"designers": [1, 0], "num_inputs": [2, 1], "num_outputs": [2, 1], "coupling": [[-0.6326107736854122, 0.5420375235964795, -0.5531717021237978], [-0.36012978615578695, -0.8382208828895292, -0.4095024891393035], [-0.6856457876633758, -0.05984207968724099, 0.725471418705227]], "target": [-0.1558347554694317, 0.5750923840840334, 0.8031091325320148], "inputs": [1, 1, 0], "outputs": [1, 1, 0], "time_start": null, "time_complete": null, "actions": null, "score": null}, {"designers": [3, 2], "num_inputs": [2, 1], "num_outputs": [2, 1], "coupling": [[-0.6944099479467317, 0.6920196633786871, 0.1972399799479458], [-0.42923939352453344, -0.1783635230300939, -0.8854038607883885], [-0.57753646399107, -0.6994964182535476, 0.4208995053586427]], "target": [-0.6327698204377827, -0.37165208898353586, 0.6793210427311303], "inputs": [3, 3, 2], "outputs": [3, 3, 2], "time_start": null, "time_complete": null, "actions": null, "score": null}], "max_time": 600000}, {"name": "Hallowed Sign (Pair)", "assignments": [[1, 0], [3, 2]], "tasks": [{"designers": [1, 0], "num_inputs": [2, 1], "num_outputs": [2, 1], "coupling": [[-0.7420185255072056, 0.657225633837175, 0.1321475464450067], [-0.5303546294837427, -0.454940701718115, -0.7153690829951982], [-0.41003960148901925, -0.6009021751895662, 0.6861370862030226]], "target": [0.732839438632535, 0.020568246489011538, -0.6800906589721097], "inputs": [1, 1, 0], "outputs": [1, 1, 0], "time_start": null, "time_complete": null, "actions": null, "score": null}, {"designers": [3, 2], "num_inputs": [2, 1], "num_outputs": [2, 1], "coupling": [[-0.4192169485589565, 0.7669650055088236, -0.4858207800884675], [-0.7264944753651927, -0.6043109558505388, -0.32713001376037215], [-0.5444840927931418, 0.21580766660120718, 0.8105332341930043]], "target": [0.5021145949456105, -0.1612270313503753, -0.8496392045477601], "inputs": [3, 3, 2], "outputs": [3, 3, 2], "time_start": null, "time_complete": null, "actions": null, "score": null}], "max_time": 600000}, {"name": "Staking System (Pair)", "assignments": [[0, 1], [2, 3]], "tasks": [{"designers": [0, 1], "num_inputs": [1, 1], "num_outputs": [1, 1], "coupling": [[-0.7590170762601278, -0.6510707165473865], [-0.6510707165473865, 0.7590170762601277]], "target": [-0.33898287388661963, -0.9407925441942917], "inputs": [0, 1], "outputs": [0, 1], "time_start": null, "time_complete": null, "actions": null, "score": null}, {"designers": [2, 3], "num_inputs": [1, 1], "num_outputs": [1, 1], "coupling": [[-0.11714152220550168, -0.9931152318715978], [-0.9931152318715979, 0.1171415222055019]], "target": [0.09148063435729292, -0.9958068555385563], "inputs": [2, 3], "outputs": [2, 3], "time_start": null, "time_complete": null, "actions": null, "score": null}], "max_time": 180000}, {"name": "Towering Test (Pair)", "assignments": [[0, 1], [2, 3]], "tasks": [{"designers": [0, 1], "num_inputs": [1, 1], "num_outputs": [1, 1], "coupling": [[-0.9338945984898057, -0.35754842876394294], [-0.35754842876394294, 0.9338945984898058]], "target": [0.5304210348747331, 0.8477343485800355], "inputs": [0, 1], "outputs": [0, 1], "time_start": null, "time_complete": null, "actions": null, "score": null}, {"designers": [2, 3], "num_inputs": [1, 1], "num_outputs": [1, 1], "coupling": [[-0.6278156721254811, -0.7783620506124579], [-0.7783620506124578, 0.627815672125481]], "target": [0.9730490915911221, -0.2305980601689703], "inputs": [2, 3], "outputs": [2, 3], "time_start": null, "time_complete": null, "actions": null, "score": null}], "max_time": 180000}, {"name": "Economic Motion (Individual)", "assignments": [[0], [1], [2], [3]], "tasks": [{"designers": [0], "num_inputs": [2], "num_outputs": [2], "coupling": [[-0.8061680579373449, -0.5916866251332114], [-0.5916866251332114, 0.806168057937345]], "target": [-0.8219416853763981, 0.5695716511911441], "inputs": [0, 0], "outputs": [0, 0], "time_start": null, "time_complete": null, "actions": null, "score": null}, {"designers": [1], "num_inputs": [2], "num_outputs": [2], "coupling": [[-0.6250835793938326, -0.7805578253865592], [-0.7805578253865592, 0.6250835793938326]], "target": [-0.9857078873313123, 0.16846352974113077], "inputs": [1, 1], "outputs": [1, 1], "time_start": null, "time_complete": null, "actions": null, "score": null}, {"designers": [2], "num_inputs": [2], "num_outputs": [2], "coupling": [[0.6404393744026665, 0.7680087289313322], [0.7680087289313325, -0.6404393744026667]], "target": [0.9422484052150542, -0.33491482927706756], "inputs": [2, 2], "outputs": [2, 2], "time_start": null, "time_complete": null, "actions": null, "score": null}, {"designers": [3], "num_inputs": [2], "num_outputs": [2], "coupling": [[-0.5436552819196081, -0.83930860500826], [-0.8393086050082601, 0.5436552819196082]], "target": [-0.13276806960419107, 0.9911471332216911], "inputs": [3, 3], "outputs": [3, 3], "time_start": null, "time_complete": null, "actions": null, "score": null}], "max_time": 120000}, {"name": "Noiseless Stone (Individual)", "assignments": [[0], [1], [2], [3]], "tasks": [{"designers": [0], "num_inputs": [3], "num_outputs": [3], "coupling": [[-0.7324969871449101, 0.147058888627915, -0.6646968084015089], [-0.5911893632714919, -0.6215467221951826, 0.5139793856596513], [-0.3375548852827903, 0.7694500343777672, 0.5422207521091158]], "target": [-0.6782893616704604, -0.6281390578481864, 0.38126744661755785], "inputs": [0, 0, 0], "outputs": [0, 0, 0], "time_start": null, "time_complete": null, "actions": null, "score": null}, {"designers": [1], "num_inputs": [3], "num_outputs": [3], "coupling": [[-0.5388873073203143, 0.153229201869869, -0.8283243819322137], [-0.5681934021764545, -0.7920662763593881, 0.22313061550876212], [-0.6218976826876, 0.5908907052480147, 0.5138982844097624]], "target": [0.858138901056116, -0.4111420713425045, 0.3075058107847659], "inputs": [1, 1, 1], "outputs": [1, 1, 1], "time_start": null, "time_complete": null, "actions": null, "score": null}, {"designers": [2], "num_inputs": [3], "num_outputs": [3], "coupling": [[-0.5721426949856092, 0.4671605033136984, 0.6741022183009752], [-0.5451332766014231, 0.39747478778428, -0.7381351528125709], [-0.6127662256655472, -0.7897941866204973, 0.027252439598435436]], "target": [-0.32808370117681784, 0.6907093339430695, 0.6444235416448114], "inputs": [2, 2, 2], "outputs": [2, 2, 2], "time_start": null, "time_complete": null, "actions": null, "score": null}, {"designers": [3], "num_inputs": [3], "num_outputs": [3], "coupling": [[-0.6422634524031863, -0.38335230214226, -0.6637308717766329], [-0.5075785685821808, -0.4361411367595356, 0.7430645365929963], [-0.5743358376622552, 0.8141387604507779, 0.08553609944617772]], "target": [-0.7572136088380819, -0.3147172115468839, 0.5723465972175967], "inputs": [3, 3, 3], "outputs": [3, 3, 3], "time_start": null, "time_complete": null, "actions": null, "score": null}], "max_time": 240000}, {"name": "Husky Verse (Pair)", "assignments": [[0, 1], [2, 3]], "tasks": [{"designers": [0, 1], "num_inputs": [2, 2], "num_outputs": [2, 2], "coupling": [[-0.26811339792857447, 0.807288670449393, -0.4999871371827813, -0.16252098654331562], [-0.6535513801373024, -0.40378138185526646, -0.09574163300402909, -0.6329808282226249], [-0.36148731568696735, -0.3312862685343512, -0.5585300286837317, 0.669044494736013], [-0.6085332529691797, 0.2747635465480989, 0.6548974037359124, 0.35397975097316]], "target": [0.39600490245952713, -0.3849810026208128, 0.01841632714484265, 0.8334450094298894], "inputs": [0, 0, 1, 1], "outputs": [0, 0, 1, 1], "time_start": null, "time_complete": null, "actions": null, "score": null}, {"designers": [2, 3], "num_inputs": [2, 2], "num_outputs": [2, 2], "coupling": [[-0.5527328604360335, -0.27151172597948325, 0.5425300831487426, -0.5713395457418124], [-0.5097148078725838, -0.568311241038439, -0.13956222959413012, 0.6306627720227977], [-0.5126953092283261, 0.26843604408914884, -0.7427171197866702, -0.3368336237741598], [-0.41451262890880264, 0.7288661099260683, 0.3668170837421923, 0.40296240687094786]], "target": [-0.5667206392612938, 0.24415214592808018, -0.5084355996341607, 0.6005919477470835], "inputs": [2, 2, 3, 3], "outputs": [2, 2, 3, 3], "time_start": null, "time_complete": null, "actions": null, "score": null}], "max_time": 1200000}, {"name": "Thinkable Ink (Pair)", "assignments": [[0, 1], [2, 3]], "tasks": [{"designers": [0, 1], "num_inputs": [1, 1], "num_outputs": [1, 1], "coupling": [[-0.6565729597655708, -0.7542625196207735], [-0.7542625196207735, 0.6565729597655711]], "target": [0.4553849720206997, -0.8902946294669573], "inputs": [0, 1], "outputs": [0, 1], "time_start": null, "time_complete": null, "actions": null, "score": null}, {"designers": [2, 3], "num_inputs": [1, 1], "num_outputs": [1, 1], "coupling": [[-0.6152325409406293, -0.7883456859574589], [-0.788345685957459, 0.6152325409406295]], "target": [0.972007550702076, 0.23494961455203872], "inputs": [2, 3], "outputs": [2, 3], "time_start": null, "time_complete": null, "actions": null, "score": null}], "max_time": 180000}, {"name": "Flat Sleep (Individual)", "assignments": [[0], [1], [2], [3]], "tasks": [{"designers": [0], "num_inputs": [2], "num_outputs": [2], "coupling": [[-0.7720571503145451, -0.6355531108004933], [-0.6355531108004933, 0.7720571503145451]], "target": [-0.9994690800790866, -0.032581558677645193], "inputs": [0, 0], "outputs": [0, 0], "time_start": null, "time_complete": null, "actions": null, "score": null}, {"designers": [1], "num_inputs": [2], "num_outputs": [2], "coupling": [[-0.20357363596324837, -0.9790596379897919], [-0.9790596379897917, 0.2035736359632489]], "target": [0.3331861355443675, -0.9428610709330459], "inputs": [1, 1], "outputs": [1, 1], "time_start": null, "time_complete": null, "actions": null, "score": null}, {"designers": [2], "num_inputs": [2], "num_outputs": [2], "coupling": [[-0.9048752668508282, -0.4256768157201454], [-0.4256768157201453, 0.9048752668508282]], "target": [-0.6458437714944714, 0.7634695952176462], "inputs": [2, 2], "outputs": [2, 2], "time_start": null, "time_complete": null, "actions": null, "score": null}, {"designers": [3], "num_inputs": [2], "num_outputs": [2], "coupling": [[-0.9206641462438101, -0.39035564530458133], [-0.3903556453045811, 0.9206641462438101]], "target": [0.34240499893278975, 0.9395524555371224], "inputs": [3, 3], "outputs": [3, 3], "time_start": null, "time_complete": null, "actions": null, "score": null}], "max_time": 120000}, {"name": "Impolite Heat (Individual)", "assignments": [[0], [1], [2], [3]], "tasks": [{"designers": [0], "num_inputs": [4], "num_outputs": [4], "coupling": [[-0.5021312450316551, 0.43585157960263937, -0.3829026020954176, 0.6413136600988651], [-0.5080874220413932, -0.46881185897897293, 0.6524831387260406, 0.31036811389417146], [-0.5924399623650239, 0.4320447346293579, 0.16309282882964407, -0.6601158742647545], [-0.3724597633560169, -0.6352843369056187, -0.6332867282448902, -0.2379820493063521]], "target": [0.9601742131356323, -0.008714772667337656, 0.24377497232324136, -0.13624718725730947], "inputs": [0, 0, 0, 0], "outputs": [0, 0, 0, 0], "time_start": null, "time_complete": null, "actions": null, "score": null}, {"designers": [1], "num_inputs": [4], "num_outputs": [4], "coupling": [[-0.45709784528037894, 0.501199992757378, 0.7067281886733364, 0.20098605532360658], [-0.5698103647548084, -0.24276129675851388, 0.02676480438333244, -0.7846443438019796], [-0.6287408659124603, 0.19766771320875814, -0.652963611664891, 0.37316339655439335], [-0.26657575206623163, -0.8067174196773916, 0.2710303201163444, 0.45242340653088]], "target": [-0.5727513289745436, 0.6218865320145497, -0.03163412848272568, 0.5331156894820755], "inputs": [1, 1, 1, 1], "outputs": [1, 1, 1, 1], "time_start": null, "time_complete": null, "actions": null, "score": null}, {"designers": [2], "num_inputs": [4], "num_outputs": [4], "coupling": [[-0.3770165969834609, -0.8791917756218166, 0.2447482013700511, -0.15804627551478084], [-0.4137105638596565, 0.3512566348264066, 0.0849046103370728, -0.8356156730129373], [-0.4175603131833292, 0.31238161663772673, 0.7461768184119794, 0.4138614092973839], [-0.715783095500429, 0.07783523467034512, -0.6132778169265629, 0.32478693893909233]], "target": [0.5088721718951226, -0.10084185026154345, -0.4430375107952976, -0.7311619505519115], "inputs": [2, 2, 2, 2], "outputs": [2, 2, 2, 2], "time_start": null, "time_complete": null, "actions": null, "score": null}, {"designers": [3], "num_inputs": [4], "num_outputs": [4], "coupling": [[-0.43873163826211814, -0.7862465620057096, -0.14049052435335244, -0.4118170781900132], [-0.33270172168014506, -0.2687059926446579, -0.09289500786625221, 0.8991535861138763], [-0.45447185630403447, 0.4486607060723637, -0.7612171129278038, -0.11272714686388768], [-0.700199575697151, 0.3291154874473385, 0.626243911799794, -0.09603183352161085]], "target": [-0.5124062359167578, 0.5392896750371561, 0.6637889174091929, -0.07740005760120425], "inputs": [3, 3, 3, 3], "outputs": [3, 3, 3, 3], "time_start": null, "time_complete": null, "actions": null, "score": null}], "max_time": 600000}]}