{"name": "experiment006", "num_designers": 4, "error_tol": 0.05, "training": [{"name": "Training Task 1/5 (Individual)", "assignments": [[0], [1], [2], [3]], "tasks": [{"designers": [0], "num_inputs": [1], "num_outputs": [1], "coupling": [[1.0]], "target": [1.0], "inputs": [0], "outputs": [0], "time_start": null, "time_complete": null, "actions": null}, {"designers": [1], "num_inputs": [1], "num_outputs": [1], "coupling": [[1.0]], "target": [1.0], "inputs": [1], "outputs": [1], "time_start": null, "time_complete": null, "actions": null}, {"designers": [2], "num_inputs": [1], "num_outputs": [1], "coupling": [[1.0]], "target": [1.0], "inputs": [2], "outputs": [2], "time_start": null, "time_complete": null, "actions": null}, {"designers": [3], "num_inputs": [1], "num_outputs": [1], "coupling": [[1.0]], "target": [1.0], "inputs": [3], "outputs": [3], "time_start": null, "time_complete": null, "actions": null}]}, {"name": "Training Task 2/5 (Individual)", "assignments": [[0], [1], [2], [3]], "tasks": [{"designers": [0], "num_inputs": [2], "num_outputs": [2], "coupling": [[0.31891251362385126, 0.9477841572078087], [0.947784157207809, -0.3189125136238514]], "target": [0.8595308862163946, -0.5110838049088033], "inputs": [0, 0], "outputs": [0, 0], "time_start": null, "time_complete": null, "actions": null}, {"designers": [1], "num_inputs": [2], "num_outputs": [2], "coupling": [[-0.5101187259627182, -0.8601039968644334], [-0.8601039968644333, 0.5101187259627183]], "target": [0.39247862376478304, -0.9197611265365057], "inputs": [1, 1], "outputs": [1, 1], "time_start": null, "time_complete": null, "actions": null}, {"designers": [2], "num_inputs": [2], "num_outputs": [2], "coupling": [[-0.7301982288595251, -0.6832353522545598], [-0.6832353522545598, 0.7301982288595251]], "target": [0.8280699965768155, -0.560624723651457], "inputs": [2, 2], "outputs": [2, 2], "time_start": null, "time_complete": null, "actions": null}, {"designers": [3], "num_inputs": [2], "num_outputs": [2], "coupling": [[-0.1607151509709939, -0.9870008309258762], [-0.9870008309258762, 0.16071515097099426]], "target": [-0.6229667461745483, 0.7822483193722414], "inputs": [3, 3], "outputs": [3, 3], "time_start": null, "time_complete": null, "actions": null}]}, {"name": "Training Task 3/5 (Pair)", "assignments": [[0, 1], [2, 3]], "tasks": [{"designers": [0, 1], "num_inputs": [1, 1], "num_outputs": [1, 1], "coupling": [[-0.9610841359007789, -0.2762558302006546], [-0.27625583020065453, 0.9610841359007789]], "target": [0.9786752569805726, -0.20541358614758237], "inputs": [0, 1], "outputs": [0, 1], "time_start": null, "time_complete": null, "actions": null}, {"designers": [2, 3], "num_inputs": [1, 1], "num_outputs": [1, 1], "coupling": [[-0.7326099966210327, -0.6806486559532241], [-0.680648655953224, 0.7326099966210328]], "target": [0.962104983835776, 0.2726792989545798], "inputs": [2, 3], "outputs": [2, 3], "time_start": null, "time_complete": null, "actions": null}]}, {"name": "Training Task 4/5 (Pair)", "assignments": [[0, 1], [2, 3]], "tasks": [{"designers": [0, 1], "num_inputs": [2, 1], "num_outputs": [2, 1], "coupling": [[-0.5681560717280771, 0.08986264748844174, -0.8179996227046128], [-0.7282244955820322, -0.5178484339869639, 0.4489121110546516], [-0.38325939283051436, 0.8507395041983282, 0.3596589131435064]], "target": [-0.8402326555578874, 0.08385910806692327, 0.5357020949449054], "inputs": [0, 0, 1], "outputs": [0, 0, 1], "time_start": null, "time_complete": null, "actions": null}, {"designers": [2, 3], "num_inputs": [2, 1], "num_outputs": [2, 1], "coupling": [[-0.26669922261047335, 0.07426441029231559, -0.9609143156509341], [-0.6397488849014275, -0.7593352588656056, 0.11887526618638337], [-0.7208279190807947, 0.6464478030030252, 0.25002469691255097]], "target": [0.6261206246312567, -0.28060997309892555, -0.727482650245891], "inputs": [2, 2, 3], "outputs": [2, 2, 3], "time_start": null, "time_complete": null, "actions": null}]}, {"name": "Training Task 5/5 (Pair)", "assignments": [[1, 0], [3, 2]], "tasks": [{"designers": [1, 0], "num_inputs": [2, 1], "num_outputs": [2, 1], "coupling": [[-0.661813158874152, -0.2159173156878424, 0.7179018425433756], [-0.5066964780645322, 0.8346033709688795, -0.21609232352025518], [-0.5525052233762286, -0.5067710784501623, -0.6617560367601066]], "target": [0.04823597798488177, -0.1747475507840162, 0.98343102652033], "inputs": [1, 1, 0], "outputs": [1, 1, 0], "time_start": null, "time_complete": null, "actions": null}, {"designers": [3, 2], "num_inputs": [2, 1], "num_outputs": [2, 1], "coupling": [[-0.3852445498690449, 0.48333563368023835, -0.7861127794477828], [-0.7971270822867359, -0.6034937466913681, 0.019588578035409202], [-0.4649462888132683, 0.6341781791573536, 0.6177726002336393]], "target": [-0.37616238845948624, -0.9246601674481082, 0.05920669086590634], "inputs": [3, 3, 2], "outputs": [3, 3, 2], "time_start": null, "time_complete": null, "actions": null}]}], "rounds": [{"name": "Hallowed Sign (Pair)", "assignments": [[1, 0], [3, 2]], "tasks": [{"designers": [1, 0], "num_inputs": [2, 1], "num_outputs": [2, 1], "coupling": [[-0.675700033085677, -0.048700785878363545, -0.735566243612936], [-0.3260579859408333, -0.8751604064805395, 0.3574639180854824], [-0.6611472264875828, 0.4813756291957942, 0.5754666354569395]], "target": [0.8981216252431528, 0.41535391580352354, -0.1444253125226932], "inputs": [1, 1, 0], "outputs": [1, 1, 0], "time_start": null, "time_complete": null, "actions": null}, {"designers": [3, 2], "num_inputs": [2, 1], "num_outputs": [2, 1], "coupling": [[-0.270967936550541, 0.3606644681300259, -0.8924670967548484], [-0.6810245026078373, -0.7270677077440442, -0.08705271508441913], [-0.6802808274597265, 0.5842034660837842, 0.4426333765165063]], "target": [0.5448191965379885, -0.7996575334930558, -0.25242795449692695], "inputs": [3, 3, 2], "outputs": [3, 3, 2], "time_start": null, "time_complete": null, "actions": null}]}, {"name": "Staking System (Pair)", "assignments": [[0, 1], [2, 3]], "tasks": [{"designers": [0, 1], "num_inputs": [1, 1], "num_outputs": [1, 1], "coupling": [[-0.5519651422933436, -0.8338671846841614], [-0.8338671846841615, 0.5519651422933435]], "target": [0.6308641803483155, -0.7758932825804383], "inputs": [0, 1], "outputs": [0, 1], "time_start": null, "time_complete": null, "actions": null}, {"designers": [2, 3], "num_inputs": [1, 1], "num_outputs": [1, 1], "coupling": [[-0.8922627013497233, -0.4515166351089341], [-0.45151663510893403, 0.8922627013497235]], "target": [0.7169309646017701, -0.6971441687306691], "inputs": [2, 3], "outputs": [2, 3], "time_start": null, "time_complete": null, "actions": null}]}, {"name": "Noiseless Stone (Individual)", "assignments": [[0], [1], [2], [3]], "tasks": [{"designers": [0], "num_inputs": [3], "num_outputs": [3], "coupling": [[-0.305701308219113, 0.22778734795265013, -0.9244780334144349], [-0.4534016088941782, -0.8886294963807035, -0.06902607633604166], [-0.8372417161162563, 0.39805846590027033, 0.37493434961314226]], "target": [0.20522308238042952, 0.9471025166363304, -0.2467393552707085], "inputs": [0, 0, 0], "outputs": [0, 0, 0], "time_start": null, "time_complete": null, "actions": null}, {"designers": [1], "num_inputs": [3], "num_outputs": [3], "coupling": [[-0.6841142006918266, 0.7207014996598265, -0.11214770973969966], [-0.6129229894576017, -0.6513986166974658, -0.4472194664356467], [-0.39536460312746735, -0.2372112782999674, 0.8873655616718262]], "target": [-0.4302769532374564, -0.8981379017648093, 0.09060934237813359], "inputs": [1, 1, 1], "outputs": [1, 1, 1], "time_start": null, "time_complete": null, "actions": null}, {"designers": [2], "num_inputs": [3], "num_outputs": [3], "coupling": [[-0.628428907234916, 0.3420446426896397, 0.6986290653550321], [-0.6746492321114052, 0.20740222613208362, -0.7084015317649639], [-0.3872021722085512, -0.9165095629630781, 0.10042260121211127]], "target": [0.7764006501389236, 0.13973566095010986, 0.6145534765361694], "inputs": [2, 2, 2], "outputs": [2, 2, 2], "time_start": null, "time_complete": null, "actions": null}, {"designers": [3], "num_inputs": [3], "num_outputs": [3], "coupling": [[-0.6494004867378711, 0.12884195931288445, 0.7494523049167533], [-0.6367944458829284, 0.4465586225427253, -0.6285524881228285], [-0.41565832304582934, -0.8854293569524121, -0.20794954274911992]], "target": [-0.7964743634691007, -0.12082068930319458, 0.5924786488750389], "inputs": [3, 3, 3], "outputs": [3, 3, 3], "time_start": null, "time_complete": null, "actions": null}]}, {"name": "Towering Test (Pair)", "assignments": [[0, 1], [2, 3]], "tasks": [{"designers": [0, 1], "num_inputs": [1, 1], "num_outputs": [1, 1], "coupling": [[-0.825519425174001, -0.5643737047917691], [-0.5643737047917692, 0.8255194251740011]], "target": [0.9544749839525628, 0.298290973729939], "inputs": [0, 1], "outputs": [0, 1], "time_start": null, "time_complete": null, "actions": null}, {"designers": [2, 3], "num_inputs": [1, 1], "num_outputs": [1, 1], "coupling": [[-0.820284373827142, -0.571955895200857], [-0.5719558952008569, 0.820284373827142]], "target": [-0.9859539693316945, -0.16701727563062396], "inputs": [2, 3], "outputs": [2, 3], "time_start": null, "time_complete": null, "actions": null}]}, {"name": "Absorbed Copper (Pair)", "assignments": [[1, 0], [3, 2]], "tasks": [{"designers": [1, 0], "num_inputs": [2, 1], "num_outputs": [2, 1], "coupling": [[-0.5686625834643781, 0.690168911541155, -0.44753741710578404], [-0.5030149404242816, -0.7222594538515477, -0.47467594317810186], [-0.6508447094949577, -0.04481244095294684, 0.7578872008803571]], "target": [-0.5658874834194887, 0.6634001230252594, -0.48956269555515386], "inputs": [1, 1, 0], "outputs": [1, 1, 0], "time_start": null, "time_complete": null, "actions": null}, {"designers": [3, 2], "num_inputs": [2, 1], "num_outputs": [2, 1], "coupling": [[-0.5088826364672752, -0.8522806820003833, 0.12106238635958198], [-0.4321201047655884, 0.3745400656395524, 0.8203608683305762], [-0.7445204344808086, 0.36515391045377227, -0.5588845536609743]], "target": [-0.010095997460330963, 0.9912045175271548, 0.1319533071546195], "inputs": [3, 3, 2], "outputs": [3, 3, 2], "time_start": null, "time_complete": null, "actions": null}]}, {"name": "Unwritten Experience (Individual)", "assignments": [[0], [1], [2], [3]], "tasks": [{"designers": [0], "num_inputs": [3], "num_outputs": [3], "coupling": [[-0.5309554423403123, 0.8107426466900869, -0.24654143482821875], [-0.743396090946637, -0.5852917983894917, -0.3237217365319388], [-0.4067536972351488, 0.011396121092183412, 0.9134667800251902]], "target": [-0.9430103829160217, -0.15446677010451043, 0.29473960481424705], "inputs": [0, 0, 0], "outputs": [0, 0, 0], "time_start": null, "time_complete": null, "actions": null}, {"designers": [1], "num_inputs": [3], "num_outputs": [3], "coupling": [[-0.25653782671053216, -0.23145117420184355, -0.9384128608598802], [-0.4509196649551179, -0.8301094099352452, 0.3280088768520188], [-0.8549033859000683, 0.5072954972178904, 0.1085885780321859]], "target": [0.6446938165097451, 0.49264917457891855, 0.5845226032762201], "inputs": [1, 1, 1], "outputs": [1, 1, 1], "time_start": null, "time_complete": null, "actions": null}, {"designers": [2], "num_inputs": [3], "num_outputs": [3], "coupling": [[-0.9229307430724377, 0.35264543404612536, 0.15440220639025032], [-0.3113715607449331, -0.44796665528825463, -0.8380773394556844], [-0.22637710717080448, -0.8215637976422001, 0.52324595722538]], "target": [0.2891688729495321, 0.8717739733558407, 0.3954636548362788], "inputs": [2, 2, 2], "outputs": [2, 2, 2], "time_start": null, "time_complete": null, "actions": null}, {"designers": [3], "num_inputs": [3], "num_outputs": [3], "coupling": [[-0.6149723446188587, 0.044591563647528414, -0.7872868650024916], [-0.4851613100211435, -0.8084601771822196, 0.33318260033960634], [-0.6216329452438563, 0.5868592117041042, 0.5188147521278538]], "target": [0.4815390035028846, -0.6600706852647132, 0.5765647219173412], "inputs": [3, 3, 3], "outputs": [3, 3, 3], "time_start": null, "time_complete": null, "actions": null}]}, {"name": "Better Behavior (Pair)", "assignments": [[0, 1], [2, 3]], "tasks": [{"designers": [0, 1], "num_inputs": [2, 1], "num_outputs": [2, 1], "coupling": [[-0.7140968263267675, 0.12191065679816404, -0.689350066649071], [-0.6079304555419531, -0.5962572264667012, 0.524307048503823], [-0.3471113421578028, 0.7934828994031804, 0.4998985942169985]], "target": [-0.6936338911961446, 0.2756149462353655, -0.6655136560550591], "inputs": [0, 0, 1], "outputs": [0, 0, 1], "time_start": null, "time_complete": null, "actions": null}, {"designers": [2, 3], "num_inputs": [2, 1], "num_outputs": [2, 1], "coupling": [[-0.3917907724642941, -0.41712051043215437, 0.820067357226619], [-0.6376220754057903, 0.765665214576316, 0.08482256859478228], [-0.6632782821463734, -0.4896603506152228, -0.5659458114239672]], "target": [-0.8401563952428248, 0.24781386036609482, -0.48241633693629804], "inputs": [2, 2, 3], "outputs": [2, 2, 3], "time_start": null, "time_complete": null, "actions": null}]}, {"name": "Husky Verse (Pair)", "assignments": [[0, 1], [2, 3]], "tasks": [{"designers": [0, 1], "num_inputs": [2, 2], "num_outputs": [2, 2], "coupling": [[-0.49591764665581856, 0.3612097389483598, 0.7345513612252084, 0.2898749902050989], [-0.4779698894424947, -0.5151013324126005, -0.32013965715065984, 0.6353943673440546], [-0.532336588307338, -0.45599746684714526, 0.14075835885708113, -0.6991932146339467], [-0.4921668713668048, 0.6294953947922168, -0.5814911710881879, -0.15288994934556777]], "target": [-0.5216899897184526, -0.5867943602184924, 0.021894561796085295, 0.6188962446218981], "inputs": [0, 0, 1, 1], "outputs": [0, 0, 1, 1], "time_start": null, "time_complete": null, "actions": null}, {"designers": [2, 3], "num_inputs": [2, 2], "num_outputs": [2, 2], "coupling": [[-0.13314458212248229, 0.08932684276203987, -0.9297431677118908, 0.33146776239425435], [-0.5700603913651197, 0.3518819904735978, -0.14420508834103032, -0.7282960301096945], [-0.4837566982122052, -0.8739212182479832, -0.02823438858303902, -0.037999743842930964], [-0.6506021267894084, 0.3232050188943013, 0.3376171706103768, 0.598556625965895]], "target": [-0.3791023167839589, 0.7227705359703085, 0.1167578449460632, 0.5659079354327688], "inputs": [2, 2, 3, 3], "outputs": [2, 2, 3, 3], "time_start": null, "time_complete": null, "actions": null}]}, {"name": "Chemical Rhythm (Pair)", "assignments": [[0, 1], [2, 3]], "tasks": [{"designers": [0, 1], "num_inputs": [2, 2], "num_outputs": [2, 2], "coupling": [[-0.39515413013143874, 0.7884921491470358, -0.2619425402111159, -0.3918155813661614], [-0.42009679333720995, -0.587234666007833, -0.5875926156551028, -0.36525203530446937], [-0.5707947693402505, 0.06234015234959597, -0.15404923717467975, 0.8040994150133046], [-0.5844358210801854, -0.17189904937837006, 0.7499265671925763, -0.25786746921607]], "target": [-0.28169118648237457, -0.886650124916653, -0.022119231179872925, -0.366077001538538], "inputs": [0, 0, 1, 1], "outputs": [0, 0, 1, 1], "time_start": null, "time_complete": null, "actions": null}, {"designers": [2, 3], "num_inputs": [2, 2], "num_outputs": [2, 2], "coupling": [[-0.3835657715822843, 0.5263777507149844, -0.7586476289121027, -0.01604797709261556], [-0.5095074078907973, 0.5043219565799324, 0.6000096011987767, 0.35503527132536367], [-0.6947129557580252, -0.39168605637576365, 0.09208672997583287, -0.5962180612033727], [-0.33264607208989544, -0.5613981304782057, -0.23656349629156165, 0.7198725179092839]], "target": [-0.5824562110940201, 0.26986697871864895, -0.593965422431778, 0.48489344490383246], "inputs": [2, 2, 3, 3], "outputs": [2, 2, 3, 3], "time_start": null, "time_complete": null, "actions": null}]}, {"name": "Impolite Heat (Individual)", "assignments": [[0], [1], [2], [3]], "tasks": [{"designers": [0], "num_inputs": [4], "num_outputs": [4], "coupling": [[-0.2765632531501628, 0.008561947871682074, -0.5554037674054126, 0.7841977526157009], [-0.4837062188656471, 0.22106444142152418, 0.7630076958378507, 0.36739360726869236], [-0.5697805850098274, 0.6126161222967388, -0.3271568763575286, -0.43934035769543217], [-0.6040622035714168, -0.7587876465057524, -0.04810706285019707, -0.23882184203006243]], "target": [-0.30253985644220194, 0.6171974530848677, 0.6573136530446393, 0.3089914249467055], "inputs": [0, 0, 0, 0], "outputs": [0, 0, 0, 0], "time_start": null, "time_complete": null, "actions": null}, {"designers": [1], "num_inputs": [4], "num_outputs": [4], "coupling": [[-0.47361168364171213, 0.7565644535538592, 0.29981200120564333, 0.3367713833892083], [-0.6137472082039217, -0.06701293577151575, 0.0787593525668009, -0.7827008338084438], [-0.29203706990401423, 0.13448905386226334, -0.9388801623006637, 0.12300847544535548], [-0.560107746189814, -0.6364213921995922, 0.14971228792121646, 0.5087566756852385]], "target": [-0.36680049263269, -0.2457780612411876, 0.5520420667749701, 0.7073189519076655], "inputs": [1, 1, 1, 1], "outputs": [1, 1, 1, 1], "time_start": null, "time_complete": null, "actions": null}, {"designers": [2], "num_inputs": [4], "num_outputs": [4], "coupling": [[-0.5785399782722913, -0.18659840301325617, 0.12508650791615397, -0.7841083439620707], [-0.5240371722262497, -0.6508900339408413, -0.20810984458079043, 0.5083478124573425], [-0.5600970558477749, 0.7145018811346956, -0.37718738985658534, 0.18305196753603006], [-0.27743075477759654, 0.1760973070900681, 0.8937411991505579, 0.30536631065014624]], "target": [0.8771905073878927, 0.23977560361319758, -0.15747153169366682, 0.38502881757934493], "inputs": [2, 2, 2, 2], "outputs": [2, 2, 2, 2], "time_start": null, "time_complete": null, "actions": null}, {"designers": [3], "num_inputs": [4], "num_outputs": [4], "coupling": [[-0.6029341883796786, -0.31362119644733727, 0.1841151515572747, -0.7100800804056683], [-0.6142123308125287, 0.26362648430702784, 0.5133921551474474, 0.5382125829844712], [-0.43348701734084755, -0.4321779869431327, -0.6940214817746517, 0.3790057733518505], [-0.26702543503890047, 0.8033461330663377, -0.46996200786384684, -0.24993622925504227]], "target": [-0.3880132888163961, -0.6071829876205879, 0.6932996082351891, -0.010495735655701999], "inputs": [3, 3, 3, 3], "outputs": [3, 3, 3, 3], "time_start": null, "time_complete": null, "actions": null}]}, {"name": "Flat Sleep (Individual)", "assignments": [[0], [1], [2], [3]], "tasks": [{"designers": [0], "num_inputs": [2], "num_outputs": [2], "coupling": [[-0.6675231553364385, -0.7445890390609339], [-0.7445890390609339, 0.6675231553364385]], "target": [0.9663402069931448, -0.25726757344921286], "inputs": [0, 0], "outputs": [0, 0], "time_start": null, "time_complete": null, "actions": null}, {"designers": [1], "num_inputs": [2], "num_outputs": [2], "coupling": [[-0.5076270397973542, -0.8615769196459334], [-0.8615769196459334, 0.5076270397973545]], "target": [0.5764276227566987, -0.8171482091536766], "inputs": [1, 1], "outputs": [1, 1], "time_start": null, "time_complete": null, "actions": null}, {"designers": [2], "num_inputs": [2], "num_outputs": [2], "coupling": [[-0.9793235056491965, -0.20230044805429417], [-0.20230044805429412, 0.9793235056491965]], "target": [-0.5278797225848759, -0.8493191381828825], "inputs": [2, 2], "outputs": [2, 2], "time_start": null, "time_complete": null, "actions": null}, {"designers": [3], "num_inputs": [2], "num_outputs": [2], "coupling": [[-0.6948979427613555, -0.7191083709330857], [-0.7191083709330857, 0.6948979427613555]], "target": [0.9609320200526326, 0.2767844880725206], "inputs": [3, 3], "outputs": [3, 3], "time_start": null, "time_complete": null, "actions": null}]}, {"name": "Thinkable Ink (Pair)", "assignments": [[0, 1], [2, 3]], "tasks": [{"designers": [0, 1], "num_inputs": [1, 1], "num_outputs": [1, 1], "coupling": [[-0.8843626357203228, -0.4668005232878419], [-0.46680052328784183, 0.8843626357203231]], "target": [0.7434331674439469, 0.6688102313393992], "inputs": [0, 1], "outputs": [0, 1], "time_start": null, "time_complete": null, "actions": null}, {"designers": [2, 3], "num_inputs": [1, 1], "num_outputs": [1, 1], "coupling": [[-0.8464450557644745, -0.5324760722998507], [-0.5324760722998507, 0.8464450557644747]], "target": [-0.6572740140654079, -0.7536516903944063], "inputs": [2, 3], "outputs": [2, 3], "time_start": null, "time_complete": null, "actions": null}]}, {"name": "Economic Motion (Individual)", "assignments": [[0], [1], [2], [3]], "tasks": [{"designers": [0], "num_inputs": [2], "num_outputs": [2], "coupling": [[-0.6238193840722576, -0.7815685357380435], [-0.7815685357380436, 0.6238193840722575]], "target": [-0.5184637958496778, 0.855099580395841], "inputs": [0, 0], "outputs": [0, 0], "time_start": null, "time_complete": null, "actions": null}, {"designers": [1], "num_inputs": [2], "num_outputs": [2], "coupling": [[-0.9041905325629978, -0.42712934905417416], [-0.42712934905417416, 0.9041905325629978]], "target": [-0.17566929740815462, 0.9844492358410997], "inputs": [1, 1], "outputs": [1, 1], "time_start": null, "time_complete": null, "actions": null}, {"designers": [2], "num_inputs": [2], "num_outputs": [2], "coupling": [[-0.32324894263271675, -0.9463139653871911], [-0.946313965387191, 0.323248942632717]], "target": [0.9946740805484955, -0.10307023568909347], "inputs": [2, 2], "outputs": [2, 2], "time_start": null, "time_complete": null, "actions": null}, {"designers": [3], "num_inputs": [2], "num_outputs": [2], "coupling": [[-0.5686809689713983, -0.8225581775958172], [-0.8225581775958171, 0.5686809689713981]], "target": [0.9999346402390812, -0.011433077010973368], "inputs": [3, 3], "outputs": [3, 3], "time_start": null, "time_complete": null, "actions": null}]}, {"name": "Chief Government (Pair)", "assignments": [[0, 1], [2, 3]], "tasks": [{"designers": [0, 1], "num_inputs": [2, 2], "num_outputs": [2, 2], "coupling": [[-0.6706475834132389, -0.009047681458927141, -0.7355859898501014, -0.09520089210951783], [-0.40579278360659343, -0.6949048766733408, 0.43131170724049434, -0.407933377337173], [-0.42813562841205366, -0.0780490397645913, 0.28057864971133734, 0.8555021054341153], [-0.44973761163484155, 0.7147962641394072, 0.440634864780013, -0.30437361481185543]], "target": [-0.19953771356479422, -0.9592591769120613, -0.13581006568274015, 0.14684058851209436], "inputs": [0, 0, 1, 1], "outputs": [0, 0, 1, 1], "time_start": null, "time_complete": null, "actions": null}, {"designers": [2, 3], "num_inputs": [2, 2], "num_outputs": [2, 2], "coupling": [[-0.4310803990655275, 0.21960766667788445, 0.7375130077567537, -0.4711865083673207], [-0.17364441367536773, -0.16930109220094836, 0.48552378331080104, 0.8399115510686052], [-0.6281004662149374, -0.7275011033021281, -0.2389157643273573, -0.13838788455149956], [-0.6241050484344934, 0.6275760970671582, -0.4040550417765228, 0.2310425374763349]], "target": [-0.8220503170643696, 0.3170806854362979, -0.27879503946016737, 0.3820555471525325], "inputs": [2, 2, 3, 3], "outputs": [2, 2, 3, 3], "time_start": null, "time_complete": null, "actions": null}]}, {"name": "Arrogant Flame (Individual)", "assignments": [[0], [1], [2], [3]], "tasks": [{"designers": [0], "num_inputs": [4], "num_outputs": [4], "coupling": [[-0.4663980991258025, 0.7418439259751503, -0.3971092853906421, 0.27284541059388734], [-0.5970226782417246, -0.009062146383469447, 0.7878721774686404, 0.1507953286372821], [-0.5434130067884252, -0.20115223388136477, -0.2666920736331769, -0.7701398708799172], [-0.3615785375960233, -0.6396274273365989, -0.3878620699276913, 0.556507619049453]], "target": [-0.5260105265266344, -0.3488496269348452, -0.3995699021668777, 0.6648012914043896], "inputs": [0, 0, 0, 0], "outputs": [0, 0, 0, 0], "time_start": null, "time_complete": null, "actions": null}, {"designers": [1], "num_inputs": [4], "num_outputs": [4], "coupling": [[-0.3358512757183702, 0.48806754147685855, -0.7512822176871908, -0.2908075393487832], [-0.4375118437964437, -0.5561948412075007, -0.3930259293110408, 0.5871637795719281], [-0.7107944310635584, 0.42960224695254906, 0.5117406140671081, 0.21985160926536876], [-0.4365301637976595, -0.5175705584596358, 0.1386621512541451, -0.7227274319687483]], "target": [-0.6369698818361496, 0.03186520380592882, 0.34351066626793925, 0.689386974478199], "inputs": [1, 1, 1, 1], "outputs": [1, 1, 1, 1], "time_start": null, "time_complete": null, "actions": null}, {"designers": [2], "num_inputs": [4], "num_outputs": [4], "coupling": [[-0.28119584487597765, -0.8981039894953274, -0.31404795245108796, -0.1253475346320812], [-0.2747521584059921, -0.08211750309003692, 0.10058910774538725, 0.952706564761938], [-0.7429512807809198, 0.42538828724322575, -0.5015302527243588, -0.12464190733660299], [-0.541722754424922, -0.07556947012589768, 0.7998269316336546, -0.24718938479768834]], "target": [0.8411414890132691, -0.32269694366233553, 0.4265379981775258, 0.08008129695651056], "inputs": [2, 2, 2, 2], "outputs": [2, 2, 2, 2], "time_start": null, "time_complete": null, "actions": null}, {"designers": [3], "num_inputs": [4], "num_outputs": [4], "coupling": [[-0.4529714312653168, 0.1428788926553411, 0.8339336960882956, -0.2809930515502976], [-0.22502410839046783, -0.939280721274526, 0.11664453608793024, 0.23132213358412962], [-0.5581991126264201, -0.08946984006828454, -0.5070871581203115, -0.6505932004338035], [-0.6577193807115633, 0.2988854235217011, -0.18387837501678184, 0.6665294164880038]], "target": [0.2914153855811801, 0.7671795322180306, -0.45868295195910924, 0.3407676451401656], "inputs": [3, 3, 3, 3], "outputs": [3, 3, 3, 3], "time_start": null, "time_complete": null, "actions": null}]}]}